0 0.490625 0.56953125 0.0171875 0.009375
0 0.60546875 0.575 0.01875 0.0125
0 0.3625 0.59921875 0.0140625 0.0109375
0 0.346875 0.603125 0.0171875 0.0140625
0 0.51953125 0.6078125 0.0171875 0.0125
0 0.35625 0.61015625 0.0171875 0.0125
0 0.41015625 0.6109375 0.01875 0.0125
0 0.14140625 0.653125 0.025 0.01875
0 0.534375 0.72265625 0.0390625 0.028125
0 0.78359375 0.803125 0.0359375 0.028125
0 0.53203125 0.81015625 0.034375 0.0171875
0 0.6390625 0.8125 0.03125 0.0125
0 0.6703125 0.8125 0.028125 0.015625
0 0.59140625 0.81484375 0.0328125 0.0125
0 0.5296875 0.82109375 0.0359375 0.0203125
0 0.61796875 0.821875 0.0296875 0.0171875
0 0.69140625 0.82265625 0.034375 0.0203125
0 0.521875 0.83515625 0.0328125 0.025
0 0.65234375 0.8375 0.0375 0.025
0 0.6859375 0.83828125 0.034375 0.0265625
0 0.5703125 0.840625 0.0328125 0.028125
0 0.60859375 0.840625 0.0359375 0.0296875
0 0.5375 0.84140625 0.0390625 0.03125
