0 0.49140625 0.56953125 0.0171875 0.009375
0 0.60546875 0.57421875 0.01875 0.0140625
0 0.36328125 0.59921875 0.0140625 0.0109375
0 0.34765625 0.603125 0.0171875 0.0125
0 0.5203125 0.6078125 0.0171875 0.0125
0 0.35703125 0.61015625 0.0171875 0.0125
0 0.41015625 0.61171875 0.01875 0.0125
0 0.140625 0.653125 0.0265625 0.01875
0 0.534375 0.72265625 0.0390625 0.028125
0 0.784375 0.80234375 0.0359375 0.028125
0 0.53359375 0.8109375 0.034375 0.0171875
0 0.640625 0.8140625 0.03125 0.0125
0 0.6703125 0.81328125 0.028125 0.015625
0 0.590625 0.8140625 0.0328125 0.0140625
0 0.5296875 0.821875 0.0359375 0.0203125
0 0.61875 0.8234375 0.0296875 0.0171875
0 0.6921875 0.82265625 0.034375 0.0203125
0 0.52109375 0.83671875 0.0328125 0.025
0 0.65234375 0.8375 0.0359375 0.025
0 0.6859375 0.83984375 0.034375 0.0265625
0 0.571875 0.840625 0.0328125 0.028125
0 0.60859375 0.84140625 0.0359375 0.0296875
0 0.53671875 0.8421875 0.040625 0.0296875
