0 0.2046875 0.490625 0.1453125 0.19375
0 0.30546875 0.6625 0.159375 0.1921875
0 0.43671875 0.50234375 0.1546875 0.1984375
0 0.615625 0.48203125 0.1578125 0.1875
0 0.775 0.40078125 0.15 0.1953125
0 0.68671875 0.2171875 0.1578125 0.215625
0 0.496875 0.30625 0.1421875 0.1859375
0 0.41953125 0.86640625 0.171875 0.2125
0 0.66953125 0.7984375 0.16875 0.2140625
0 0.82890625 0.834375 0.153125 0.1984375
0 0.86640625 0.68828125 0.1640625 0.19375
0 0.86015625 0.51015625 0.1578125 0.1875
0 0.39921875 0.240625 0.1515625 0.190625
0 0.25234375 0.38828125 0.16875 0.1890625
0 0.54375 0.73828125 0.153125 0.2140625
