0 0.5875 0.24140625 0.121875 0.15
0 0.68359375 0.19140625 0.109375 0.146875
0 0.7671875 0.19609375 0.1109375 0.1453125
0 0.80546875 0.28125 0.1125 0.1421875
0 0.925 0.24609375 0.1203125 0.128125
0 0.18359375 0.26484375 0.1234375 0.1453125
0 0.40390625 0.26015625 0.1125 0.1421875
0 0.1890625 0.40234375 0.13125 0.1421875
0 0.3 0.39453125 0.10625 0.14375
0 0.478125 0.415625 0.1203125 0.1640625
0 0.33046875 0.5359375 0.125 0.1234375
0 0.20390625 0.540625 0.11875 0.153125
0 0.26953125 0.71875 0.109375 0.1421875
0 0.37109375 0.68359375 0.11875 0.15625
0 0.3625 0.82421875 0.1109375 0.1625
0 0.47890625 0.65078125 0.1171875 0.15
0 0.4484375 0.7484375 0.10625 0.1015625
0 0.55390625 0.70234375 0.13125 0.1515625
0 0.64375 0.7125 0.096875 0.1640625
0 0.56171875 0.8359375 0.1328125 0.165625
0 0.465625 0.90390625 0.1390625 0.1671875
0 0.7671875 0.4046875 0.1015625 0.14375
0 0.67265625 0.34765625 0.10625 0.1578125
0 0.846875 0.475 0.1015625 0.153125
0 0.89375 0.3484375 0.1140625 0.159375
0 0.0875 0.2859375 0.0953125 0.1109375
