0 0.5894636080279758 0.2258140116962186 0.12351967242429521 0.15451189968962925
0 0.6858690002387453 0.17268591855680238 0.11092276100979519 0.15100124524637756
0 0.7700159396875392 0.17495527231346814 0.11248594052267114 0.14947466824675257
0 0.8090364927137924 0.25952622012503473 0.11403997250439753 0.14637576420310242
0 0.9291136921308577 0.2206489832378547 0.12181927994417975 0.13245357102887692
0 0.18315428011471216 0.26122530383404313 0.1250645568748724 0.149840668601954
0 0.4048249507288114 0.2500575664415419 0.11403997250439771 0.14637576420310242
0 0.18946240750993867 0.3994299585528563 0.1329078970326996 0.1469247647359046
0 0.30105188997997834 0.38832007018031756 0.10775981185944637 0.1477650910695269
0 0.4804206646693618 0.4043309802130364 0.12202967316061361 0.16861709304145564
0 0.33254011890748064 0.5297235417987908 0.12650881848280734 0.12787384003000202
0 0.20520907093489077 0.538146276527281 0.12039331339854348 0.15756505368887913
0 0.2722896253349677 0.7154700576813412 0.1108953184163474 0.1462842641143021
0 0.37428506374574366 0.6771189463047633 0.12041160846084208 0.16070970777692944
0 0.3664605428070424 0.8188800055112285 0.11258656336531346 0.16677026573102935
0 0.4825835316293442 0.6409433253166225 0.11880269129221974 0.15437464955642877
0 0.45249487496768487 0.7401058914339983 0.10751282851841525 0.10531226088084755
0 0.5583570982704786 0.690634115638244 0.13296278221959537 0.15635872700005554
0 0.6488253622543956 0.6982236138713969 0.09844476750023626 0.1679308423754529
0 0.5670008474038697 0.824839327680394 0.13461743704396426 0.170555420440682
0 0.47070065180131704 0.8960491818260996 0.14091589275121427 0.1723107476623084
0 0.7712371350959707 0.38486093269082666 0.10304283072737098 0.14762784093632633
0 0.6757774640454993 0.3302388732701194 0.10784213963979002 0.1619160344657533
0 0.8518374532429724 0.4532823974075494 0.10309771591426657 0.15706180320047727
0 0.8982663145406338 0.3245514055095062 0.11571292239106501 0.16371711173177927
0 0.08657965857768055 0.28526534665899395 0.09656142439713494 0.11442597283419732
