2 0.7546875 0.55078125 0.290625 0.3203125
1 0.890625 0.69609375 0.01875 0.0296875
0 0.3703125 0.0875 0.01875 0.015625
0 0.20625 0.05859375 0.021875 0.0109375
0 0.21015625 0.04921875 0.0140625 0.0140625
0 0.196875 0.04453125 0.01875 0.0171875
0 0.16875 0.040625 0.021875 0.01875
0 0.12734375 0.03984375 0.0234375 0.0171875
0 0.165625 0.0796875 0.01875 0.015625
0 0.1796875 0.0546875 0.01875 0.0125
0 0.134375 0.06796875 0.015625 0.0140625
0 0.175 0.06484375 0.01875 0.0109375
0 0.1484375 0.046875 0.01875 0.015625
0 0.15625 0.06015625 0.015625 0.0140625
0 0.15 0.071875 0.0125 0.00625
0 0.11484375 0.06640625 0.0109375 0.0078125
0 0.12734375 0.0546875 0.0140625 0.009375
0 0.10546875 0.0609375 0.0140625 0.009375
