2 0.6046875 0.63828125 0.284375 0.0484375
1 0.7328125 0.65234375 0.01875 0.0203125
0 0.96015625 0.31953125 0.0234375 0.0234375
0 0.9640625 0.29453125 0.01875 0.0234375
0 0.96953125 0.13203125 0.0171875 0.0234375
0 0.971875 0.15 0.015625 0.015625
0 0.94140625 0.23984375 0.0109375 0.0140625
0 0.94765625 0.25859375 0.0171875 0.0171875
0 0.9453125 0.18828125 0.015625 0.0109375
0 0.990625 0.2359375 0.0125 0.015625
0 0.9890625 0.215625 0.015625 0.015625
0 0.9890625 0.19765625 0.015625 0.0140625
0 0.9921875 0.18359375 0.015625 0.0171875
0 0.996875 0.25546875 0.00625 0.0171875
0 0.9765625 0.18671875 0.015625 0.0171875
0 0.96796875 0.171875 0.0171875 0.015625
0 0.95078125 0.1703125 0.0171875 0.0125
0 0.940625 0.2078125 0.0125 0.01875
0 0.93828125 0.225 0.0140625 0.0125
0 0.9546875 0.20078125 0.015625 0.0140625
0 0.96875 0.20546875 0.015625 0.0140625
0 0.96875 0.2171875 0.015625 0.01875
0 0.95390625 0.21796875 0.0140625 0.0171875
0 0.97421875 0.23046875 0.0140625 0.0171875
0 0.96015625 0.234375 0.0109375 0.0125
0 0.9796875 0.24765625 0.0125 0.0171875
0 0.9671875 0.25 0.015625 0.015625
0 0.9765625 0.2625 0.015625 0.0125
0 0.96015625 0.26875 0.0109375 0.015625
0 0.984375 0.26953125 0.009375 0.0171875
0 0.609375 0.128125 0.009375 0.009375
0 0.609375 0.11875 0.009375 0.009375
0 0.61640625 0.15390625 0.0078125 0.0078125
0 0.61796875 0.1484375 0.0109375 0.0125
0 0.621875 0.1375 0.00625 0.009375
0 0.61171875 0.1375 0.0078125 0.009375
0 0.61796875 0.12578125 0.0078125 0.0078125
0 0.615625 0.16328125 0.009375 0.0109375
