1 0.6011858735727239 0.7647040521039864 0.024650332394186254 0.021189093452910077
0 0.23586130212526682 0.9571851106277957 0.026496344315230076 0.027575244656648984
0 0.2103997991450058 0.9581812945425753 0.026237633981487842 0.021226038307442997
0 0.04567616077453639 0.945608870941023 0.026237633981487842 0.021226038307442636
0 0.06376843506991571 0.9500019907364023 0.01975907246541035 0.01790365571470887
0 0.15911836568245816 0.9299779873588714 0.016455114123935993 0.014655162831040581
0 0.17625529522559777 0.9383208886952381 0.018236448461544347 0.01945401244747772
0 0.10597610129957279 0.9279466839383776 0.014997167703505567 0.017792821151111377
0 0.14854489582438563 0.9750128858970373 0.016261081373629315 0.009893258069135819
0 0.12803933035633613 0.9713579996135098 0.01797773812780202 0.01310480609827137
0 0.11061135168773648 0.9701579554200003 0.013151155782461699 0.011406669947372291
0 0.09553198660837138 0.9698069793019402 0.01778370537749532 0.00834290133636697
0 0.10071429566260738 0.9596003535480777 0.019759072465410327 0.01790365571470887
0 0.0860876736672913 0.9481382663189065 0.018236448461544322 0.01945401244747772
0 0.0867667882933648 0.93147159965224 0.016713824457678318 0.02100436918024693
0 0.12597906509943155 0.9244402406517814 0.021217018885840752 0.014765997394638434
0 0.143439382559749 0.9248466340516405 0.014932490120070007 0.016205519563809792
0 0.11749279770372124 0.9377475798711817 0.016584469290807154 0.017829766005643757
0 0.1200529638356865 0.9529008346596122 0.0165844692908072 0.017829766005643757
0 0.1318930481570128 0.9547652226559084 0.02141105163614752 0.019527902156543195
0 0.13492077637232094 0.9389476240646915 0.021281696469276357 0.01635329898194002
0 0.14512640131533402 0.9614284602686421 0.01969439488197477 0.016316354127407284
0 0.15123171633009197 0.9480657037674428 0.014867812536634405 0.014618217976507843
0 0.1615020188565406 0.9689592383840919 0.019629717298539167 0.014729052540105696
0 0.16598769349227915 0.9563531878220107 0.018171770878108787 0.017866710860176133
0 0.17664606151934126 0.9677229129148502 0.014997167703505612 0.017792821151111016
0 0.18602299608385572 0.9520530937417638 0.01804241571123758 0.01469210768557332
0 0.18343319195330277 0.9766193234904059 0.019565039715103608 0.013141750952804109
0 0.0890910947444288 0.581988164036896 0.011563854195160112 0.011369725092839554
0 0.07963196280405485 0.5801791933223986 0.011563854195160112 0.011369725092839554
0 0.11409985464064076 0.5921030912332277 0.009911875024422966 0.009745478651005229
0 0.10771830949971663 0.5927489626087479 0.014803134953198845 0.013030916389206436
0 0.09647784322173439 0.5956649518016226 0.009911875024422966 0.009745478651005229
0 0.0976918983077164 0.5853659639114287 0.009911875024422943 0.009745478651005229
0 0.08479945285899698 0.5898323098370725 0.008259895853685797 0.008121232209171084
0 0.12362366416445028 0.5923247603604234 0.014803134953198845 0.013030916389206436
