1 0.3243456516442983 0.7939937474946411 0.04784006870450392 0.0428858239426223
0 0.9772228791575265 0.9521795461224016 0.02647194927944721 0.026322193140978875
0 0.7928967768084303 0.9671688472302973 0.02642516949128254 0.0247144760991786
0 0.8146477366609037 0.9692817346704901 0.01677886724047868 0.02448995592211506
0 0.9629171550398975 0.9574697755031091 0.010160879920616879 0.017909407636870246
0 0.8340105108447587 0.9721423505873176 0.01002054055612232 0.013086256511468318
0 0.8407774396512135 0.9562335703021086 0.01002054055612232 0.013086256511468318
0 0.8518209498970764 0.9492607838205794 0.014890471469689102 0.014806233641800549
0 0.8667200234888638 0.9367545377665245 0.014890471469689102 0.014806233641800915
0 0.9188304879828904 0.9331475376002151 0.011721817174252669 0.016339110624580256
0 0.9358986360744563 0.9399713160772785 0.01002054055612232 0.013086256511468318
0 0.9465826957869846 0.9482531314781002 0.0067583266843561805 0.011403699410646374
0 0.8501344610509299 0.9741242679242236 0.011581477809758475 0.011515959499178326
0 0.8602103835173156 0.9615057617816369 0.01328275442788846 0.014768813612290264
0 0.873642079431797 0.9537852468234733 0.014937251257853956 0.016413950683601193
0 0.8919203163657627 0.9469808504747417 0.013329534216053313 0.016376530654090907
0 0.9063429899538037 0.9457099136985357 0.013376314004218166 0.01798424769589155
0 0.923364358257205 0.9509259751337985 0.014937251257853956 0.016413950683601557
0 0.9396052579337882 0.9569271850752061 0.011721817174252669 0.016339110624580256
0 0.9510230064849695 0.9628161349280822 0.009926980979792978 0.009870822427867033
0 0.8653843830539536 0.9736758996836734 0.011487918233428767 0.008300525415577041
0 0.8796901071715827 0.9683856703029661 0.014890471469689468 0.014806233641800549
0 0.8956737180132595 0.9655444365144702 0.014984031046018809 0.018021667725401834
0 0.9100262219190531 0.9618619241755635 0.011675037386087815 0.014731393582779613
0 0.9261735620193068 0.9646477000333699 0.01158147780975811 0.011515959499178326
