2 0.23125 0.40078125 0.03125 0.1109375
1 0.23359375 0.3546875 0.0265625 0.01875
0 0.6296875 0.9125 0.01875 0.015625
0 0.803125 0.95625 0.021875 0.015625
0 0.79453125 0.94140625 0.0203125 0.0078125
0 0.7921875 0.95 0.021875 0.0125
0 0.83203125 0.9625 0.0203125 0.0125
0 0.83125 0.95234375 0.01875 0.0109375
0 0.821875 0.9453125 0.01875 0.0125
0 0.8265625 0.9359375 0.021875 0.009375
0 0.83046875 0.928125 0.0234375 0.00625
0 0.83515625 0.91953125 0.0203125 0.0109375
0 0.87265625 0.959375 0.0234375 0.01875
0 0.8515625 0.953125 0.021875 0.015625
0 0.85 0.9375 0.021875 0.015625
0 0.865625 0.9328125 0.015625 0.015625
0 0.87890625 0.940625 0.0296875 0.01875
0 0.8921875 0.95 0.01875 0.015625
0 0.93671875 0.9265625 0.0203125 0.0125
0 0.92265625 0.9390625 0.0203125 0.01875
0 0.94140625 0.93984375 0.0171875 0.0203125
0 0.9921875 0.928125 0.015625 0.01875
0 0.978125 0.928125 0.015625 0.015625
0 0.96015625 0.93046875 0.0203125 0.0171875
0 0.9890625 0.94375 0.021875 0.015625
0 0.9703125 0.94609375 0.015625 0.0171875
0 0.9546875 0.94609375 0.015625 0.0171875
