2 0.54921875 0.6578125 0.7171875 0.14375
1 0.21171875 0.6078125 0.0421875 0.05
0 0.69609375 0.84375 0.0203125 0.01875
0 0.6921875 0.83203125 0.015625 0.0140625
0 0.72734375 0.85390625 0.0171875 0.0109375
0 0.71484375 0.865625 0.0171875 0.0125
0 0.74296875 0.846875 0.0140625 0.015625
0 0.75703125 0.8453125 0.0140625 0.0125
0 0.75234375 0.83203125 0.0140625 0.0078125
0 0.715625 0.8265625 0.015625 0.00625
0 0.73203125 0.82734375 0.0140625 0.0078125
0 0.71015625 0.89453125 0.0140625 0.0109375
0 0.73046875 0.8921875 0.0140625 0.0125
