1 0.34765625 0.73203125 0.021875 0.01875
0 0.68046875 0.96015625 0.0234375 0.025
0 0.70546875 0.96328125 0.0234375 0.01875
0 0.86796875 0.96953125 0.0234375 0.01875
0 0.85 0.971875 0.0171875 0.015625
0 0.759375 0.94140625 0.0140625 0.0125
0 0.74140625 0.94765625 0.015625 0.0171875
0 0.81171875 0.9453125 0.0125 0.015625
0 0.7640625 0.98984375 0.015625 0.0125
0 0.784375 0.9890625 0.015625 0.0171875
0 0.80234375 0.9890625 0.0125 0.015625
0 0.81640625 0.9921875 0.0171875 0.015625
0 0.74453125 0.996875 0.01875 0.00625
0 0.8125 0.9765625 0.0171875 0.015625
0 0.828125 0.9671875 0.015625 0.0171875
0 0.8296875 0.95078125 0.0140625 0.01875
0 0.7921875 0.93984375 0.01875 0.0125
0 0.775 0.93828125 0.0125 0.0140625
0 0.79921875 0.95390625 0.0140625 0.015625
0 0.79453125 0.96796875 0.0140625 0.015625
0 0.7828125 0.96875 0.01875 0.0171875
0 0.78203125 0.953125 0.01875 0.0140625
0 0.76875 0.9734375 0.0171875 0.0140625
0 0.76484375 0.96015625 0.0125 0.0125
0 0.75234375 0.9796875 0.0171875 0.0125
0 0.74921875 0.96640625 0.015625 0.015625
0 0.7375 0.9765625 0.0125 0.015625
0 0.73046875 0.96015625 0.015625 0.0125
0 0.7296875 0.984375 0.0171875 0.0109375
0 0.87109375 0.609375 0.009375 0.0109375
0 0.88125 0.60859375 0.009375 0.009375
0 0.84609375 0.61640625 0.009375 0.0078125
0 0.8515625 0.61796875 0.0125 0.0109375
0 0.8625 0.621875 0.009375 0.0078125
0 0.8625 0.61171875 0.009375 0.0078125
0 0.87421875 0.61796875 0.0078125 0.0078125
0 0.83671875 0.615625 0.0125 0.0109375
