0 0.7125 0.89296875 0.015625 0.015625
0 0.72890625 0.9015625 0.0140625 0.0140625
0 0.73203125 0.8890625 0.0171875 0.0109375
0 0.7453125 0.89921875 0.0125 0.0109375
0 0.76484375 0.8796875 0.01875 0.0109375
0 0.7578125 0.89765625 0.01875 0.0109375
0 0.77734375 0.8953125 0.0140625 0.0109375
0 0.72109375 0.8765625 0.0140625 0.0109375
0 0.7125 0.8671875 0.0125 0.0109375
0 0.7078125 0.85546875 0.015625 0.0125
0 0.69609375 0.84765625 0.0125 0.0125
0 0.69140625 0.83046875 0.0140625 0.0109375
0 0.71640625 0.83203125 0.0109375 0.0078125
0 0.71171875 0.84375 0.0109375 0.0109375
0 0.73515625 0.83984375 0.0109375 0.009375
0 0.721875 0.85234375 0.0125 0.0109375
0 0.7484375 0.8515625 0.015625 0.009375
0 0.73125 0.86328125 0.0125 0.009375
0 0.73515625 0.8765625 0.0140625 0.0140625
0 0.7453125 0.86328125 0.0109375 0.00625
0 0.7484375 0.8890625 0.015625 0.0109375
0 0.7484375 0.875 0.0109375 0.0140625
0 0.7625 0.86640625 0.0125 0.009375
0 0.7640625 0.85625 0.009375 0.00625
0 0.77734375 0.85859375 0.0109375 0.009375
0 0.77734375 0.8671875 0.0109375 0.0109375
0 0.784375 0.87890625 0.015625 0.0109375
0 0.79375 0.89296875 0.015625 0.0109375
