1 0.109375 0.30390625 0.0203125 0.03125
0 0.62890625 0.9125 0.01875 0.015625
0 0.79375 0.94140625 0.021875 0.0125
0 0.7890625 0.95078125 0.0140625 0.015625
0 0.80234375 0.95546875 0.01875 0.01875
0 0.83125 0.959375 0.0234375 0.01875
0 0.87265625 0.959375 0.0234375 0.0171875
0 0.834375 0.9203125 0.01875 0.015625
0 0.81953125 0.9453125 0.01875 0.0125
0 0.86484375 0.93125 0.015625 0.0140625
0 0.825 0.934375 0.01875 0.0109375
0 0.85078125 0.953125 0.01875 0.015625
0 0.84375 0.9390625 0.015625 0.0140625
0 0.84921875 0.928125 0.0125 0.0078125
0 0.88515625 0.9328125 0.0125 0.0078125
0 0.871875 0.9453125 0.0140625 0.0109375
0 0.89453125 0.9390625 0.0140625 0.009375
