1 0.8822233444954082 0.1724173676492964 0.042830892673696434 0.030500032828146253
0 0.5305712162718237 0.8733030665588026 0.022303436787937565 0.021252508538212745
0 0.35050730246733064 0.8618966822902371 0.020567168034639278 0.01607346285648631
0 0.33726743887885735 0.9322390608637284 0.017183982863022983 0.02107373326777708
0 0.3274548677493845 0.8585324666108197 0.018840827318560946 0.0126009018163981
0 0.30869346472858405 0.8595834419275274 0.015417929998064345 0.010775233661135968
0 0.28737729876393636 0.8613982719298365 0.017114486602482614 0.009128340776309696
0 0.3131135609095906 0.8861829332649497 0.017154198751362825 0.015954279342862403
0 0.29774030707901644 0.8830868804911856 0.013731301430866226 0.014128611187600658
0 0.27980732628598504 0.8799014400822037 0.017154198751362825 0.015954279342862403
