0 0.746524282542791 0.8631329113924051 0.01781017063593543 0.01740506329113924
0 0.7637820340721864 0.8694620253164557 0.016191064214486656 0.015822784810126583
0 0.7656773500469051 0.8560126582278481 0.0192819652956401 0.012658227848101266
0 0.7805064419441272 0.8647151898734177 0.014535129852601946 0.012658227848101266
0 0.7976543711310823 0.8417721518987342 0.020901071717088514 0.014240506329113924
0 0.7924656004028122 0.8607594936708861 0.020901071717088694 0.014240506329113924
0 0.8123545652367785 0.8560126582278481 0.016117408333614785 0.012658227848101266
0 0.7532769177818558 0.8449367088607594 0.016117408333614604 0.012658227848101266
0 0.7439673865979599 0.8370253164556962 0.014535129852601946 0.012658227848101266
0 0.737104929016455 0.8259493670886076 0.017736514755063198 0.014240506329113924
0 0.7245940129300978 0.819620253164557 0.014571957793037882 0.014240506329113924
0 0.7178604531401189 0.803006329113924 0.016117408333614604 0.012658227848101266
0 0.7432137367767574 0.8014240506329114 0.012879195490717237 0.00949367088607595
0 0.739772970261462 0.8132911392405063 0.012952851371589288 0.012658227848101266
0 0.7628817339681077 0.8061708860759493 0.012916023431153353 0.011075949367088608
0 0.7514743331370949 0.8204113924050633 0.014535129852601946 0.012658227848101266
0 0.7776739979248938 0.8164556962025317 0.017662858874191327 0.011075949367088608
0 0.7623109008913496 0.8306962025316456 0.014498301912166011 0.011075949367088608
0 0.7675542520514058 0.8433544303797469 0.016191064214486656 0.015822784810126583
0 0.7758155098906111 0.8283227848101266 0.011260089069268644 0.007911392405063292
0 0.782346516008192 0.8536392405063291 0.017699686814627445 0.012658227848101266
0 0.780304549750597 0.8393987341772152 0.01302650725246134 0.015822784810126583
0 0.7939932984520387 0.8291139240506329 0.014498301912166011 0.011075949367088608
0 0.7942326800648727 0.8188291139240507 0.009677810588255986 0.007911392405063292
0 0.8076820471534802 0.8188291139240507 0.012916023431153353 0.011075949367088608
0 0.8090617719620948 0.8275316455696202 0.012952851371589288 0.012658227848101266
0 0.8175065080246126 0.8386075949367089 0.017699686814627445 0.012658227848101266
0 0.8282878338682131 0.8512658227848101 0.017699686814627445 0.012658227848101266
