1 0.8975556303883788 0.31519139604654844 0.028349716957075624 0.03800662758562172
0 0.23088857513147046 0.911041106694118 0.02263248746773983 0.021023002362982112
0 0.05111908843436403 0.9242288850488024 0.02585145767725521 0.017804032153466685
0 0.054869332219315926 0.9349640072066697 0.017530563176524364 0.019140048281282292
0 0.040641770874990775 0.9347062026081756 0.02256412022350423 0.019345150013988826
0 0.01168307871586959 0.9342931442775408 0.02336615743173918 0.014516694699715489
0 0.01285180138502675 0.8973120253554527 0.02263248746773981 0.021023002362982112
0 0.02343452467597477 0.9253569445786897 0.022495752979268632 0.017667297664995536
0 0.019752648135258462 0.9129439700718288 0.022427385735033046 0.015989445316002247
0 0.0005114016596949669 0.9300799941613879 0.0010228033193899339 0.019345150013988826
0 0.004123483523565 0.9163153391482637 0.00824696704713 0.017530563176524388
0 0.0013752518344746123 0.903902364641403 0.0027505036689492246 0.010682419292079704
