0 0.3196094902952631 0.9187364104553631 0.017561898615746856 0.017663486647872907
0 0.3037918823252087 0.9280755207177587 0.015965362377951604 0.01605771513443018
0 0.2997497511530061 0.9153309332039924 0.017534194664266044 0.012901581885968145
0 0.28712059833329523 0.927087935699623 0.012772289902361282 0.012846172107543997
0 0.26558121109880084 0.9077909726490949 0.019121496251567633 0.012920051812109286
0 0.273623917515985 0.9261372905337704 0.019121496251567633 0.012920051812109647
0 0.2537734130242216 0.9243191148697012 0.01435959148966287 0.012864642033685139
0 0.3091950661476202 0.9019496892687772 0.014359591489662961 0.012864642033685139
0 0.3178698169748174 0.8925274643387454 0.012772289902361372 0.012846172107543997
0 0.3217641937391228 0.8798752264556863 0.017543429314759707 0.014488883473269732
0 0.3328245142725192 0.8712743572085173 0.014368826140156533 0.014451943620986726
0 0.335897536291693 0.853850979600483 0.01435959148966287 0.012864642033685139
0 0.3105191801958547 0.8567300639568235 0.011157284363579066 0.008065797419497733
0 0.31614399563011214 0.8686994706030803 0.011175753664566213 0.011240400594100907
0 0.29232061984484803 0.8660414693300068 0.01116651901407255 0.00965309900679932
0 0.30667559400926414 0.8781124605700413 0.012772289902361282 0.012846172107543997
0 0.2796960843503839 0.8785921226192884 0.015937658426470973 0.011295810372525415
0 0.2980100778325604 0.8891219870873747 0.0127630552518678 0.01125887052024241
0 0.2949185865123995 0.9033707615208063 0.015965362377951695 0.01605771513443018
0 0.28373359819733973 0.8905430593394037 0.011148049713085403 0.006478495832196145
0 0.28309231913683297 0.9167243005668091 0.015946893076964456 0.012883111959827004
0 0.2814219056950892 0.9024201163549536 0.012781524552854947 0.014433473694845584
0 0.267090018156907 0.894317379083173 0.0127630552518678 0.01125887052024241
0 0.26464904054774635 0.8839722138765006 0.009560748125783817 0.006460025906054643
0 0.25118006368191687 0.8877834734725527 0.01116651901407255 0.00965309900679968
0 0.2520198877280355 0.8957292163721312 0.011175753664566213 0.011240400594100907
0 0.24574455858277783 0.9083537493659782 0.015946893076964456 0.012883111959827004
0 0.2371021290323081 0.9233315298515655 0.015946893076964456 0.012883111959827004
