1 0.10858266938046564 0.36227344281821355 0.026369562702150563 0.024944439438413353
0 0.820161180805053 0.9931565052992534 0.02134314932831543 0.013686989401493255
0 0.807408117955734 0.9878555177882522 0.021380690067598695 0.0183520344630654
0 0.8108403984734043 0.9790784114277313 0.017929639180286748 0.008580753726812418
0 0.8514814011207876 0.9968398859852623 0.021305608589032164 0.006320228029475431
0 0.8460239435268809 0.9927372318846852 0.01969270536322571 0.014525536230629651
0 0.8397412639504293 0.985568325150785 0.02130560858903253 0.015126228011452499
0 0.8440550775595691 0.9735888776840049 0.021192986371182734 0.01028751833403351
0 0.8458744548514328 0.9647648406327768 0.022805889596989183 0.010334449024740464
0 0.8493067353691031 0.9559877342722559 0.0244563335620789 0.011994282941254236
0 0.8919353743534401 0.992967570402782 0.024681577997777763 0.014064859194435954
0 0.8702174919139778 0.9934924378714415 0.019655164623942813 0.013015124257116983
0 0.8616093093470243 0.9821696314108174 0.01804226139813636 0.013419463404231773
0 0.8834022732650528 0.9819967441224624 0.027757221492258337 0.01531395077428178
0 0.8650979009736192 0.9709731702115868 0.021268067849749266 0.013513324785646047
0 0.9053266297705727 0.9761786955437849 0.016504439650896076 0.016598339165137355
0 0.8845090507922214 0.9691169836613645 0.021268067849749266 0.013513324785646414
0 0.9181172333591748 0.9813928507468626 0.018267505833835223 0.023096882759070483
0 0.9049324520080995 0.9916127859758654 0.014966617903655787 0.016774428048269063
0 0.9580650808931892 0.9639942655724169 0.019617623884659548 0.011853490869132642
0 0.9432110852073826 0.9780880183883094 0.01819242435526869 0.019871076307457578
0 0.9757319348984937 0.9677363096218099 0.005289198548817078 0.019495630781799382
0 0.9617782426737984 0.97782126971854 0.019730246102508977 0.01669220054655163
