1 0.8541520748030308 0.7217610049147304 0.069178395144198 0.02617304672240252
0 0.8793660793550622 0.7044339283988217 0.031167767215508096 0.01392563734810521
0 0.4740090587804049 0.6002738350400525 0.017302096666173293 0.00697281494520554
0 0.383018745485423 0.5965081047651052 0.017332088186668454 0.008691028003624783
0 0.44664826349282954 0.5437377425862394 0.01727210514567813 0.005254601886786296
0 0.10384976257794279 0.5465911052104415 0.015553892087258835 0.0052446056156333605
0 0.09927995805234183 0.5131159393847248 0.01036926139150589 0.003496403743755509
0 0.18513062793231358 0.516052551943921 0.01036926139150589 0.003496403743755704
0 0.14767484313278523 0.4965130197374623 0.006932835274667402 0.003476411201449835
0 0.11771108493218173 0.49067420877816975 0.008651048333086647 0.00348640747260277
0 0.06268327978202311 0.4935714090426897 0.008651048333086647 0.0034864074726025742
0 0.03021718079502878 0.4834520598440782 0.008651048333086659 0.0034864074726025742
