2 0.4953125 0.284375 0.528125 0.275
0 0.2875 0.10625 0.015625 0.015625
0 0.27109375 0.0984375 0.0140625 0.0125
0 0.26796875 0.11015625 0.0171875 0.0109375
0 0.2546875 0.10078125 0.0125 0.0109375
0 0.23515625 0.11953125 0.0171875 0.0109375
0 0.2421875 0.10234375 0.01875 0.0109375
0 0.22265625 0.1046875 0.0140625 0.009375
0 0.27890625 0.12265625 0.0140625 0.0109375
0 0.2875 0.13203125 0.0125 0.0109375
0 0.2921875 0.14453125 0.015625 0.0109375
0 0.30390625 0.1515625 0.0140625 0.0125
0 0.30859375 0.16953125 0.0140625 0.0109375
0 0.28359375 0.16796875 0.0109375 0.0078125
0 0.28828125 0.15625 0.0109375 0.009375
0 0.26484375 0.159375 0.0109375 0.009375
0 0.278125 0.14765625 0.0125 0.0109375
0 0.2515625 0.1484375 0.015625 0.009375
0 0.26875 0.13671875 0.0125 0.0078125
0 0.26484375 0.1234375 0.0140625 0.0125
0 0.2546875 0.1359375 0.009375 0.00625
0 0.2515625 0.11015625 0.015625 0.0109375
0 0.2515625 0.125 0.009375 0.0125
0 0.2375 0.1328125 0.0125 0.009375
0 0.2359375 0.14375 0.009375 0.00625
0 0.22265625 0.140625 0.0109375 0.009375
0 0.22265625 0.1328125 0.0109375 0.009375
0 0.215625 0.12109375 0.015625 0.0109375
0 0.20625 0.10703125 0.015625 0.0109375
