2 0.29296875 0.70859375 0.0796875 0.0953125
1 0.271875 0.675 0.0375 0.01875
0 0.95546875 0.196875 0.0140625 0.015625
0 0.94921875 0.2109375 0.0109375 0.015625
0 0.9390625 0.2046875 0.0125 0.015625
0 0.96015625 0.16796875 0.0140625 0.0203125
0 0.95390625 0.14609375 0.0109375 0.0203125
0 0.95859375 0.12734375 0.0140625 0.0171875
0 0.95 0.16953125 0.0125 0.0171875
0 0.9453125 0.1796875 0.009375 0.015625
0 0.9359375 0.1765625 0.015625 0.015625
0 0.9203125 0.16484375 0.009375 0.0203125
0 0.94296875 0.15546875 0.0078125 0.0109375
0 0.93046875 0.13359375 0.0109375 0.0140625
0 0.93515625 0.14765625 0.0078125 0.0109375
0 0.946875 0.1328125 0.00625 0.015625
0 0.9359375 0.1109375 0.009375 0.015625
0 0.95078125 0.109375 0.0140625 0.015625
