1 0.33932756660234914 0.7605992131400101 0.024248226585560792 0.0213121002950247
0 0.7072753202496158 0.997066519520528 0.026014284827636607 0.0058669609589438124
0 0.7929421005340433 0.9898803841703658 0.015596656176494387 0.014188202944412417
0 0.7731983799543285 0.9931686966102564 0.017392501218789047 0.013662606779487127
0 0.850079549228705 0.9924062012148813 0.01394974513529385 0.015187597570237465
0 0.8695998688067789 0.9948670616793943 0.015715803377369567 0.01026587664121138
0 0.8288378516088837 0.9877188417801382 0.020716110101409065 0.014366978214848085
0 0.8100814139509727 0.9862100901343887 0.013919958335075103 0.015835095829238883
0 0.8371021936151056 0.9972872881125485 0.015656229776932075 0.005425423774902969
0 0.818330862557085 0.997341460792884 0.020745896901628005 0.00531707841423202
0 0.9085612796459323 0.626800058654106 0.010447415451360772 0.012302943032338719
0 0.9196832166167992 0.625480920431745 0.010417628651142218 0.010596458390700492
0 0.8819618336994456 0.6344088096317134 0.010387841850923278 0.008889973749062268
0 0.8879047431449606 0.6363238654221931 0.013860384734637222 0.012422126545962432
0 0.8997905620359905 0.6401539770031526 0.010387841850923278 0.008889973749062268
0 0.8991309339165936 0.6290320309540982 0.010387841850923278 0.008889973749062268
0 0.9126636638488241 0.6363347035751459 0.008681357209285053 0.008830381992250313
0 0.8708845769289065 0.6331682208916173 0.013860384734637417 0.012422126545962432
