2 0.55078125 0.2453125 0.3203125 0.290625
1 0.69609375 0.109375 0.0296875 0.01875
0 0.0875 0.6296875 0.015625 0.01875
0 0.05859375 0.79375 0.0109375 0.021875
0 0.04921875 0.78984375 0.0140625 0.0140625
0 0.04453125 0.803125 0.0171875 0.01875
0 0.040625 0.83125 0.01875 0.021875
0 0.03984375 0.87265625 0.0171875 0.0234375
0 0.0796875 0.834375 0.015625 0.01875
0 0.0546875 0.8203125 0.0125 0.01875
0 0.06796875 0.865625 0.0140625 0.015625
0 0.06484375 0.825 0.0109375 0.01875
0 0.046875 0.8515625 0.015625 0.01875
0 0.06015625 0.84375 0.0140625 0.015625
0 0.071875 0.85 0.00625 0.0125
0 0.06640625 0.88515625 0.0078125 0.0109375
0 0.0546875 0.87265625 0.009375 0.0140625
0 0.0609375 0.89453125 0.009375 0.0140625
