1 0.7978762595110432 0.7301903215881246 0.04927773576504046 0.04372947949559192
0 0.3952975204716167 0.9949709254068125 0.025324943693784484 0.010058149186374977
0 0.37493931351281146 0.9980588331252096 0.016861029742542413 0.0038823337495808223
0 0.3454311167915 0.9977535838353007 0.010303652693362083 0.004492832329398626
0 0.3313964933220793 0.9955136227012388 0.015355281800130707 0.008972754597522505
0 0.31299631655715426 0.9891398860921314 0.015355281800130707 0.015097503811803555
0 0.2609046900433908 0.9943025072496539 0.012143391435482187 0.011394985500692201
0 0.24556471311138334 0.9998685094421131 0.01003646005359542 0.000262981115773699
0 0.31028541239206825 0.9997738043744993 0.015021291000422309 0.0004523912510015433
0 0.2913661552157331 0.9979246012253917 0.013515543058010605 0.004150797549216611
0 0.2766454559350482 0.9985725706309655 0.013448744898068962 0.002854858738068973
