2 0.63828125 0.3953125 0.0484375 0.284375
1 0.65234375 0.2671875 0.0203125 0.01875
0 0.31953125 0.03984375 0.0234375 0.0234375
0 0.29453125 0.0359375 0.0234375 0.01875
0 0.13203125 0.03046875 0.0234375 0.0171875
0 0.15 0.028125 0.015625 0.015625
0 0.23984375 0.05859375 0.0140625 0.0109375
0 0.25859375 0.05234375 0.0171875 0.0171875
0 0.18828125 0.0546875 0.0109375 0.015625
0 0.2359375 0.009375 0.015625 0.0125
0 0.215625 0.0109375 0.015625 0.015625
0 0.19765625 0.0109375 0.0140625 0.015625
0 0.18359375 0.0078125 0.0171875 0.015625
0 0.25546875 0.003125 0.0171875 0.00625
0 0.18671875 0.0234375 0.0171875 0.015625
0 0.171875 0.03203125 0.015625 0.0171875
0 0.1703125 0.04921875 0.0125 0.0171875
0 0.2078125 0.059375 0.01875 0.0125
0 0.225 0.06171875 0.0125 0.0140625
0 0.20078125 0.0453125 0.0140625 0.015625
0 0.20546875 0.03125 0.0140625 0.015625
0 0.2171875 0.03125 0.01875 0.015625
0 0.21796875 0.04609375 0.0171875 0.0140625
0 0.23046875 0.02578125 0.0171875 0.0140625
0 0.234375 0.03984375 0.0125 0.0109375
0 0.24765625 0.0203125 0.0171875 0.0125
0 0.25 0.0328125 0.015625 0.015625
0 0.2625 0.0234375 0.0125 0.015625
0 0.26875 0.03984375 0.015625 0.0109375
0 0.26953125 0.015625 0.0171875 0.009375
0 0.128125 0.390625 0.009375 0.009375
0 0.11875 0.390625 0.009375 0.009375
0 0.15390625 0.38359375 0.0078125 0.0078125
0 0.1484375 0.38203125 0.0125 0.0109375
0 0.1375 0.378125 0.009375 0.00625
0 0.1375 0.38828125 0.009375 0.0078125
0 0.12578125 0.38203125 0.0078125 0.0078125
0 0.16328125 0.384375 0.0109375 0.009375
