1 0.26307116391138735 0.7997793254878623 0.04795283633114634 0.04397971490751762
0 0.7236647458615951 0.9880607376063447 0.025223148750744107 0.012127275371837398
0 0.7451505106120607 0.9877349593202427 0.013537515491455649 0.00855808921921542
0 0.7742301156165049 0.9834566045697842 0.010304424530340613 0.01013143820154009
0 0.7876667725001278 0.9779882911487355 0.015456636795511108 0.01519715730231051
0 0.8046727157043078 0.9659961336958569 0.015456636795511108 0.01519715730231051
0 0.8584375568843885 0.963944064218226 0.012223545834396448 0.01677050628463518
0 0.8754617137341575 0.9717730909719112 0.010371663602229254 0.011781603218041739
0 0.8843695236451956 0.9761097476071514 0.005219451337058759 0.006715884117271695
0 0.7939648567426364 0.9855676657913465 0.011752872331176908 0.005219351169123629
0 0.8098431416150675 0.9809820469041811 0.015322158651734204 0.011896827269307209
0 0.8290217565205018 0.9764732440511926 0.013873710850897723 0.016808914301723668
0 0.8430817786967101 0.9759746296881928 0.01387371085089791 0.016808914301723668
0 0.8603748918340332 0.9772029963758717 0.013604754563343913 0.010208254235717069
