2 0.3921875 0.25390625 0.309375 0.0609375
1 0.25859375 0.259375 0.0359375 0.040625
0 0.03046875 0.865625 0.0265625 0.021875
0 0.03984375 0.68359375 0.0203125 0.0203125
0 0.03515625 0.70390625 0.0203125 0.0109375
0 0.028125 0.84921875 0.01875 0.0078125
0 0.02890625 0.72265625 0.0109375 0.0078125
0 0.04453125 0.73203125 0.0109375 0.0078125
0 0.05 0.74375 0.0125 0.0125
0 0.059375 0.7609375 0.0125 0.0125
0 0.0578125 0.8109375 0.0125 0.009375
0 0.04921875 0.8265625 0.0109375 0.00625
0 0.03984375 0.83515625 0.0109375 0.0046875
0 0.02578125 0.7390625 0.0109375 0.009375
0 0.0375 0.74921875 0.0125 0.0109375
0 0.04296875 0.7640625 0.0140625 0.0125
0 0.04765625 0.78359375 0.0140625 0.0109375
0 0.046875 0.79765625 0.015625 0.0109375
0 0.03984375 0.8125 0.0140625 0.0125
0 0.0328125 0.82734375 0.0125 0.0078125
0 0.02109375 0.83671875 0.0140625 0.0078125
0 0.01171875 0.74375 0.0109375 0.009375
0 0.0203125 0.753125 0.0125 0.009375
0 0.0265625 0.7671875 0.0125 0.0125
0 0.02890625 0.7828125 0.0171875 0.0125
0 0.03125 0.79765625 0.0125 0.0078125
0 0.02578125 0.8125 0.0109375 0.009375
0 0.0171875 0.825 0.0125 0.00625
0 0.0078125 0.83359375 0.009375 0.0046875
0 0.00546875 0.75625 0.0109375 0.009375
0 0.00859375 0.771875 0.0171875 0.0125
0 0.009375 0.7859375 0.0125 0.009375
0 0.0125 0.79921875 0.0125 0.0109375
0 0.0078125 0.8109375 0.0125 0.009375
0 0.003125 0.82734375 0.00625 0.0140625
