0 0.8015436490832457 0.5806151645566199 0.19437772408125442 0.2379785042955076
0 0.6691888513077242 0.7353618435347108 0.2093762241281623 0.24033594904123812
0 0.5556328600094708 0.538472435468924 0.20619896679380287 0.24516460103941834
0 0.3704830229133395 0.4751059567072525 0.2059089631900967 0.23519782363078048
0 0.21517879295596687 0.35423937698612457 0.1994577806534755 0.24153286849092828
0 0.3363012431332381 0.18403963760012604 0.2117140287715829 0.26366913134779585
0 0.5227472085391612 0.3204571331819406 0.18915266570718056 0.22944075139576806
0 0.5182627367724414 0.8934875397961213 0.2243263902411191 0.21302492040775742
0 0.265217698933527 0.7911961117740387 0.22339026968227815 0.2658718393873877
0 0.10679732788215374 0.7912825171123943 0.17463750499978284 0.24369460233110077
0 0.09800444630258974 0.6316206576915149 0.16623518929134923 0.23998550142954136
0 0.11086347094924456 0.44642519794737073 0.20258670405388396 0.23504308692464176
0 0.6350603989689374 0.2750924135399485 0.20097390841972862 0.2366268481396787
0 0.7674293766967073 0.462904780257395 0.2176335380347428 0.23906166123847858
0 0.4069148273758453 0.7579826805034513 0.2066823061333129 0.26177589672048146
