0 0.43522510335904757 0.19782976155033336 0.27424967628427804 0.33239660158383344
0 0.6760459939268215 0.27381203450109926 0.2975057039162542 0.3594275700639718
0 0.801489386899892 0.8298593755763687 0.314775470901888 0.2944835183662822
0 0.5233635894856921 0.791230737565872 0.2995074826308651 0.3906323582106796
0 0.30143330892929215 0.7113114337148518 0.28158914873056096 0.3998387049903367
0 0.11054909968591495 0.6067056834509335 0.2210981993718299 0.34724437080305104
0 0.853749833352493 0.633851042019814 0.2772040813515332 0.3046422434510193
0 0.6202392277238309 0.5633488617531254 0.27564103907919935 0.3111423733370985
0 0.39983383844478404 0.4932083763127745 0.2559307569366778 0.30717671885529363
0 0.21473157729755257 0.416919044078862 0.20331913656331266 0.2922300555376939
0 0.2259899159562216 0.15967212419837695 0.2529382008744421 0.3193442483967539
0 0.8988817863530755 0.34632566559024097 0.1978490628710796 0.38544368983610866
