1 0.2485723922202603 0.8133680555555556 0.07169572240239536 0.029513888888888888
0 0.2231260457196458 0.7977430555555556 0.034994957611725615 0.015625
0 0.6262654991837289 0.6692708333333334 0.017542934704113437 0.010416666666666666
0 0.7172598128562271 0.6605902777777778 0.017542934704113437 0.010416666666666666
0 0.6504087766011606 0.6102430555555556 0.01748232683977946 0.006944444444444444
0 0.9942933980409114 0.59375 0.011413203918177177 0.008680555555555556
0 0.9970512811128107 0.5598958333333334 0.0058974377743786655 0.005208333333333333
0 0.9135552191519568 0.5677083333333334 0.01050757846316783 0.005208333333333333
0 0.9496196013671185 0.5451388888888888 0.008741163419889928 0.003472222222222222
0 0.9790122745273394 0.5381944444444444 0.008771467352056719 0.005208333333333333
