2 0.2703125 0.21796875 0.134375 0.2359375
1 0.2296875 0.11171875 0.034375 0.0265625
0 0.0875 0.63125 0.0125 0.015625
0 0.04296875 0.803125 0.0109375 0.015625
0 0.04921875 0.7953125 0.0078125 0.01875
0 0.06015625 0.79375 0.0140625 0.021875
0 0.040625 0.8296875 0.0125 0.01875
0 0.03671875 0.86953125 0.0140625 0.0203125
0 0.04453125 0.85234375 0.0109375 0.0140625
0 0.08046875 0.83515625 0.0140625 0.0203125
0 0.065625 0.8296875 0.009375 0.0125
0 0.0546875 0.82578125 0.009375 0.0171875
0 0.04609375 0.890625 0.0078125 0.015625
0 0.07109375 0.8671875 0.0109375 0.015625
0 0.05625 0.84765625 0.00625 0.0078125
0 0.05546875 0.86640625 0.0078125 0.0109375
0 0.0625 0.90390625 0.009375 0.0140625
0 0.06953125 0.8515625 0.0078125 0.0125
0 0.06640625 0.84296875 0.0078125 0.0140625
0 0.05625 0.83828125 0.009375 0.0109375
0 0.046875 0.87265625 0.009375 0.0109375
0 0.05625 0.8859375 0.009375 0.0125
0 0.06484375 0.86015625 0.0078125 0.0109375
0 0.06796875 0.88671875 0.0046875 0.0109375
0 0.06953125 0.99140625 0.0109375 0.0109375
0 0.075 0.9328125 0.009375 0.01875
0 0.06484375 0.9265625 0.0078125 0.0125
0 0.05390625 0.91796875 0.0109375 0.0109375
0 0.05625 0.95546875 0.00625 0.0109375
0 0.0515625 0.96953125 0.009375 0.0140625
0 0.06640625 0.95859375 0.0078125 0.0140625
0 0.078125 0.975 0.009375 0.0125
0 0.0703125 0.94453125 0.00625 0.0109375
0 0.0515625 0.98671875 0.009375 0.0109375
