2 0.70703125 0.29140625 0.0796875 0.0953125
1 0.728125 0.325 0.0375 0.01875
0 0.04453125 0.803125 0.0140625 0.015625
0 0.05078125 0.7890625 0.0109375 0.015625
0 0.0609375 0.7953125 0.0125 0.015625
0 0.03984375 0.83203125 0.0140625 0.0203125
0 0.04609375 0.85390625 0.0109375 0.0203125
0 0.04140625 0.87265625 0.0140625 0.0171875
0 0.05 0.83046875 0.0125 0.0171875
0 0.0546875 0.8203125 0.009375 0.015625
0 0.0640625 0.8234375 0.015625 0.015625
0 0.0796875 0.83515625 0.009375 0.0203125
0 0.05703125 0.84453125 0.0078125 0.0109375
0 0.06953125 0.86640625 0.0109375 0.0140625
0 0.06484375 0.85234375 0.0078125 0.0109375
0 0.053125 0.8671875 0.00625 0.015625
0 0.0640625 0.8890625 0.009375 0.015625
0 0.04921875 0.890625 0.0140625 0.015625
