1 0.11171875 0.7703125 0.0265625 0.034375
0 0.63046875 0.9125 0.015625 0.0140625
0 0.803125 0.95625 0.015625 0.0109375
0 0.7953125 0.95078125 0.01875 0.0078125
0 0.79375 0.9390625 0.021875 0.0140625
0 0.8296875 0.959375 0.01875 0.0125
0 0.86953125 0.96328125 0.0203125 0.0140625
0 0.85234375 0.95546875 0.015625 0.0109375
0 0.83515625 0.91953125 0.0203125 0.0140625
0 0.8296875 0.93359375 0.0125 0.009375
0 0.825 0.9453125 0.0171875 0.009375
0 0.890625 0.95390625 0.015625 0.0078125
0 0.8671875 0.92890625 0.015625 0.0109375
0 0.84765625 0.94375 0.0078125 0.00625
0 0.86640625 0.94375 0.0109375 0.0078125
0 0.90390625 0.9375 0.0140625 0.009375
0 0.85078125 0.9296875 0.0125 0.0078125
0 0.84296875 0.93359375 0.0140625 0.0078125
0 0.83828125 0.94375 0.0109375 0.009375
0 0.871875 0.95234375 0.0109375 0.009375
0 0.8859375 0.94375 0.0125 0.0109375
0 0.859375 0.93515625 0.0109375 0.009375
0 0.88671875 0.93125 0.0109375 0.0046875
0 0.99140625 0.9296875 0.0109375 0.0109375
0 0.9328125 0.925 0.01875 0.0109375
0 0.9265625 0.93515625 0.0125 0.009375
0 0.91796875 0.94609375 0.0109375 0.0109375
0 0.95546875 0.94375 0.0109375 0.0078125
0 0.96953125 0.9484375 0.0140625 0.0109375
0 0.95859375 0.93359375 0.015625 0.009375
0 0.975 0.921875 0.0140625 0.0109375
0 0.94453125 0.92890625 0.0125 0.00625
0 0.9859375 0.9484375 0.0109375 0.0109375
