1 0.13458293249172182 0.7455556299593368 0.07332069630100986 0.03599498737323811
0 0.1139920169389944 0.7243586494399987 0.03494443852111099 0.01970330086556318
0 0.5379970569435901 0.697898642222091 0.019238632594242314 0.012486121031615246
0 0.6290014799049034 0.7116423764386386 0.019238632594242314 0.012486121031615246
0 0.5767975458395495 0.6464819953964327 0.01746211851969706 0.008983594877226034
0 0.9163581710163682 0.7140535105456178 0.01746211851969706 0.008983594877225838
0 0.9280166206503577 0.6821324305491481 0.010497472593535347 0.007126268037446771
0 0.8422205310223778 0.6684796081291017 0.010497472593535347 0.007126268037446771
0 0.8831807539872263 0.6553028616461383 0.008741160000706967 0.005359852994168474
0 0.9144206532463676 0.6567163879807006 0.008761361482424235 0.007095964105279585
0 0.968098687318792 0.6698085876556568 0.008741160000706967 0.005359852994168474
