2 0.07734375 0.671875 0.0703125 0.30625
1 0.07109375 0.5359375 0.0484375 0.021875
0 0.96015625 0.1125 0.0203125 0.028125
0 0.87890625 0.034375 0.0109375 0.015625
0 0.88984375 0.0078125 0.0109375 0.015625
0 0.89140625 0.10234375 0.0078125 0.0109375
0 0.89921875 0.08984375 0.0078125 0.0109375
0 0.90546875 0.0765625 0.0078125 0.0125
0 0.9109375 0.06328125 0.009375 0.0078125
0 0.91640625 0.0515625 0.0109375 0.009375
0 0.92265625 0.040625 0.0078125 0.009375
0 0.9390625 0.05078125 0.0125 0.0140625
0 0.93125 0.06171875 0.00625 0.0078125
0 0.91640625 0.0921875 0.0078125 0.009375
0 0.92734375 0.06953125 0.0046875 0.0078125
