2 0.19140625 0.50078125 0.3015625 0.2671875
1 0.05234375 0.615625 0.0203125 0.0375
0 0.0875 0.62890625 0.015625 0.0171875
0 0.0421875 0.80390625 0.015625 0.0171875
0 0.0609375 0.79609375 0.00625 0.0234375
0 0.05078125 0.7921875 0.0140625 0.021875
0 0.03828125 0.83203125 0.0140625 0.0234375
0 0.04140625 0.871875 0.0171875 0.021875
0 0.04921875 0.8296875 0.0109375 0.01875
0 0.05234375 0.82109375 0.0140625 0.0203125
0 0.06328125 0.82578125 0.0109375 0.0203125
0 0.071875 0.8296875 0.009375 0.021875
0 0.07890625 0.83359375 0.0140625 0.0203125
0 0.06953125 0.84765625 0.0109375 0.0203125
0 0.059375 0.846875 0.009375 0.021875
0 0.0484375 0.84765625 0.0125 0.0203125
0 0.04453125 0.85390625 0.0109375 0.0171875
0 0.04765625 0.8921875 0.0171875 0.01875
0 0.05625 0.871875 0.015625 0.021875
0 0.06875 0.865625 0.015625 0.01875
0 0.06328125 0.89140625 0.0140625 0.0203125
0 0.07109375 0.99296875 0.0140625 0.0140625
0 0.05703125 0.9921875 0.0140625 0.015625
0 0.07265625 0.97890625 0.0140625 0.0171875
0 0.0578125 0.97890625 0.015625 0.0171875
0 0.06953125 0.9609375 0.0109375 0.021875
0 0.05703125 0.96171875 0.0140625 0.0171875
0 0.07109375 0.9375 0.0109375 0.021875
0 0.059375 0.94453125 0.0125 0.0171875
0 0.06171875 0.921875 0.0109375 0.015625
0 0.0515625 0.9171875 0.009375 0.015625
