1 0.40669512512652434 0.32876666232574925 0.022804057719829487 0.03385056129679013
0 0.17028735435352405 0.9313369840309699 0.02249928674489233 0.016390243836472758
0 0.1828749412428687 0.9246922188455027 0.019296977118022147 0.014729052540105696
0 0.179575659033064 0.9176232514117106 0.016094667491151966 0.013067861243738994
0 0.1417713386866295 0.9351765945871605 0.019352390022556162 0.01790365571470887
0 0.1518394409336867 0.9206507387469841 0.017681969078453555 0.01310480609827137
0 0.14847089259321444 0.9096135173449381 0.0176819690784536 0.01310480609827137
0 0.1418584749474715 0.8946819316837036 0.019324683570289155 0.016316354127407284
0 0.10041837805998721 0.931375256043104 0.024114294784460925 0.018014490278307083
0 0.1209563261119733 0.9253394173786244 0.020884278705323736 0.014765997394638434
0 0.08275026220766715 0.919876887538201 0.022526993197159357 0.017977545423774347
