1 0.8073166088068771 0.13174332872198613 0.043510741586358606 0.03089532680847296
0 0.4781563321034979 0.8417314390327884 0.023560537963890488 0.020406684269419263
0 0.305628060986293 0.8518362448847154 0.02181243087404817 0.017081650332340964
0 0.29342761602117307 0.9208060563503208 0.01544766340423648 0.02175537079317921
0 0.2835977674973157 0.8517895625123929 0.02000726370333699 0.01212262946715846
0 0.26553832116686205 0.8548682037941072 0.015105302919023263 0.011951449224551759
0 0.2458163578678694 0.8588208986207428 0.01668222976625897 0.01037452237731596
0 0.2703728441617606 0.879995290896687 0.018544457017839022 0.016967530170603037
0 0.2549355584660704 0.8780863812727845 0.015219423080761003 0.01521942308076091
0 0.23862421922545912 0.877839988617421 0.018544457017839022 0.016967530170603408
