2 0.38828125 0.58671875 0.2765625 0.5015625
1 0.259375 0.80625 0.021875 0.0625
0 0.275 0.828125 0.0125 0.028125
0 0.365625 0.45625 0.00625 0.015625
0 0.36796875 0.3734375 0.0078125 0.015625
0 0.41640625 0.4296875 0.0046875 0.015625
0 0.41015625 0.11796875 0.0046875 0.0140625
0 0.440625 0.1125 0.003125 0.009375
0 0.4390625 0.190625 0.003125 0.009375
0 0.45625 0.15625 0.003125 0.00625
0 0.4609375 0.12890625 0.003125 0.0078125
0 0.4578125 0.07890625 0.003125 0.0078125
0 0.4671875 0.04921875 0.003125 0.0078125
