1 0.5729966175846386 0.06577186120522523 0.026853391490547728 0.050463650162155774
0 0.06883725742486631 0.9237045068998588 0.029823855386194253 0.023955697240056396
0 0.003055259664361494 0.8358420426136739 0.006110519328722988 0.012690914772652207
0 0.06455427840390929 0.8542550775167097 0.01099204215447771 0.009565914772652206
0 0.05123666696759083 0.8607369025977878 0.01099204215447771 0.009565914772652206
0 0.03792360071081217 0.8664374776788657 0.01255454215447771 0.009593188311602673
0 0.023838374813113117 0.8705891895294187 0.009429542154477711 0.009538641233702095
0 0.012092353735874266 0.8754812410715462 0.011001132513557324 0.011128414772652206
0 0.002528279278167228 0.8811545426136739 0.005056558556334456 0.009538641233702095
0 0.008835543529219808 0.8981920381494468 0.01570681323171656 0.014335235389503254
0 0.02059520014507809 0.8909562366073194 0.007848861436318471 0.0063863676947516265
0 0.052699173017715026 0.8778971290588373 0.009429542154477711 0.009538641233702095
0 0.028425880863237322 0.8876948689125677 0.007839771077238855 0.004823867694751982
