2 0.61171875 0.41328125 0.2765625 0.5015625
1 0.740625 0.19375 0.021875 0.0625
0 0.725 0.171875 0.0125 0.028125
0 0.634375 0.54375 0.00625 0.015625
0 0.63203125 0.6265625 0.0078125 0.015625
0 0.58359375 0.5703125 0.0046875 0.015625
0 0.58984375 0.88203125 0.0046875 0.0140625
0 0.559375 0.8875 0.003125 0.009375
0 0.5609375 0.809375 0.003125 0.009375
0 0.54375 0.84375 0.003125 0.00625
0 0.5390625 0.87109375 0.003125 0.0078125
0 0.5421875 0.92109375 0.003125 0.0078125
0 0.5328125 0.95078125 0.003125 0.0078125
