1 0.010475327159715352 0.3247286182293262 0.020950654319430703 0.03658098195149785
0 0.6126718967526531 0.9554801801867635 0.02273049029116672 0.019416828271502644
0 0.7948188707216862 0.9761514805647863 0.02604415231083041 0.016103166251838955
0 0.7902299105108495 0.9871194966559188 0.017611036366252046 0.01926786737608389
0 0.803856960828052 0.9883699680311886 0.02273049029116672 0.019416828271503032
0 0.8354269266983593 0.9892885602196059 0.027700983320662256 0.014446335242007108
0 0.8816261461021071 0.9863629966742814 0.027700983320662256 0.014446335242007108
0 0.837397375734821 0.9509174825986489 0.02273049029116672 0.019416828271502644
0 0.8229262136769107 0.978677250131229 0.022631183027553962 0.016003858988226195
0 0.8712788004085538 0.9604429784429669 0.01926786737608389 0.017611036366252046
0 0.8283932430244697 0.9668808185351806 0.02258152939574758 0.014297374346587968
0 0.857735361119172 0.9856678458289928 0.02273049029116672 0.019416828271502644
0 0.8487717514605156 0.9708896314001331 0.01926786737608389 0.017611036366252046
0 0.8542636076239779 0.9582399574832653 0.013949798923943695 0.010636136904280004
0 0.8934631007498507 0.9610884756564495 0.013949798923943695 0.010636136904280393
0 0.8802424100672102 0.9752211928718267 0.017462075470832904 0.014148413451169215
0 0.9043814632091769 0.9673839205089243 0.01570593719738869 0.01239227517772461
