1 0.5864779874213837 0.9373742932696325 0.03773584905660377 0.02694910049601073
0 0.5809748427672956 0.927908314646459 0.025157232704402517 0.019014285026690593
0 0.7555031446540881 0.9935247399058206 0.01729559748427673 0.012950520188358742
0 0.7476415094339622 0.9917710347092913 0.020440251572327043 0.011125207213117192
0 0.7476415094339622 0.97919241835709 0.01729559748427673 0.017396220326919055
0 0.824685534591195 0.9992154089484694 0.026729559748427674 0.0015691821030613166
0 0.7885220125786163 0.9629208202047077 0.020440251572327043 0.012697534257142349
0 0.7822327044025157 0.9707458653002363 0.018867924528301886 0.014260713770018302
0 0.7783018867924528 0.9840877763465768 0.014150943396226415 0.014233271176569973
0 0.7783018867924528 0.9939818543848721 0.018867924528301886 0.012036291230255868
0 0.8278301886792453 0.9968797872103048 0.01729559748427673 0.006240425579390407
0 0.8514150943396226 0.9892301176770948 0.012578616352201259 0.014224123645420767
0 0.8058176100628931 0.9960295909702471 0.01729559748427673 0.00794081805950586
0 0.800314465408805 0.9912913134807804 0.015723270440251572 0.01109776461966922
0 0.8231132075471698 0.978845336330244 0.01729559748427673 0.015823893282893898
0 0.7995283018867925 0.9802804504070296 0.014150943396226415 0.011088617088519657
0 0.8231132075471698 0.9898516256384201 0.015723270440251572 0.01267009166369402
0 0.8443396226415094 0.9977116883880639 0.018867924528301886 0.00457662322387213
0 0.8364779874213837 0.9922878702192267 0.014150943396226415 0.011088617088519657
