2 0.7296875 0.78203125 0.134375 0.2359375
1 0.7703125 0.88828125 0.034375 0.0265625
0 0.9125 0.36875 0.0125 0.015625
0 0.95703125 0.196875 0.0109375 0.015625
0 0.95078125 0.2046875 0.0078125 0.01875
0 0.93984375 0.20625 0.0140625 0.021875
0 0.959375 0.1703125 0.0125 0.01875
0 0.96328125 0.13046875 0.0140625 0.0203125
0 0.95546875 0.14765625 0.0109375 0.0140625
0 0.91953125 0.16484375 0.0140625 0.0203125
0 0.934375 0.1703125 0.009375 0.0125
0 0.9453125 0.17421875 0.009375 0.0171875
0 0.95390625 0.109375 0.0078125 0.015625
0 0.92890625 0.1328125 0.0109375 0.015625
0 0.94375 0.15234375 0.00625 0.0078125
0 0.94453125 0.13359375 0.0078125 0.0109375
0 0.9375 0.09609375 0.009375 0.0140625
0 0.93046875 0.1484375 0.0078125 0.0125
0 0.93359375 0.15703125 0.0078125 0.0140625
0 0.94375 0.16171875 0.009375 0.0109375
0 0.953125 0.12734375 0.009375 0.0109375
0 0.94375 0.1140625 0.009375 0.0125
0 0.93515625 0.13984375 0.0078125 0.0109375
0 0.93203125 0.11328125 0.0046875 0.0109375
0 0.93046875 0.00859375 0.0109375 0.0109375
0 0.925 0.0671875 0.009375 0.01875
0 0.93515625 0.0734375 0.0078125 0.0125
0 0.94609375 0.08203125 0.0109375 0.0109375
0 0.94375 0.04453125 0.00625 0.0109375
0 0.9484375 0.03046875 0.009375 0.0140625
0 0.93359375 0.04140625 0.0078125 0.0140625
0 0.921875 0.025 0.009375 0.0125
0 0.9296875 0.05546875 0.00625 0.0109375
0 0.9484375 0.01328125 0.009375 0.0109375
