1 0.25666666666666665 0.27051986666842415 0.025 0.042103043289872064
0 0.8625 0.9107783398327456 0.018333333333333333 0.016986676190350637
0 0.8466666666666667 0.9068880450274425 0.018333333333333333 0.013653342857017303
0 0.8525 0.8951195571486945 0.018333333333333333 0.015320009523683968
0 0.8941666666666667 0.9110589294433521 0.023333333333333334 0.018740618181658418
0 0.9158333333333334 0.9006807363699073 0.023333333333333334 0.015407284848325086
0 0.9366666666666666 0.902817089183903 0.02 0.017015767965231136
0 0.8908333333333334 0.9011171129931127 0.02 0.015349101298564467
0 0.8791666666666667 0.8971540887506088 0.018333333333333333 0.011986676190350636
0 0.8816666666666667 0.8871104510882882 0.018333333333333333 0.018653342857017304
0 0.8916666666666667 0.8686025671056726 0.023333333333333334 0.013740618181658419
0 0.905 0.8908698329066298 0.013333333333333334 0.010232734199042852
0 0.9258333333333333 0.8738395190539586 0.016666666666666666 0.013624251082136803
0 0.9116666666666666 0.8815867991404415 0.013333333333333334 0.010232734199043232
0 0.9291666666666667 0.891281335504198 0.016666666666666666 0.008624251082136804
0 0.9508333333333333 0.8759031424307531 0.018333333333333333 0.011986676190351014
0 0.9541666666666667 0.8916782922143257 0.018333333333333333 0.016986676190350637
