2 0.55078125 0.6515625 0.3265625 0.040625
1 0.39765625 0.646875 0.0203125 0.03125
0 0.19609375 0.04453125 0.0203125 0.0140625
0 0.20859375 0.0515625 0.0171875 0.0125
0 0.2046875 0.05859375 0.015625 0.0109375
0 0.16796875 0.0390625 0.0171875 0.015625
0 0.17734375 0.05390625 0.0171875 0.0109375
0 0.1734375 0.06484375 0.015625 0.0109375
0 0.16640625 0.07890625 0.0171875 0.0140625
0 0.12734375 0.04140625 0.0203125 0.0140625
0 0.14765625 0.0484375 0.0171875 0.0125
0 0.109375 0.0515625 0.01875 0.015625
