1 0.31181396831392566 0.9288904332344217 0.04113028526238741 0.02628142939279291
0 0.3025831084189557 0.890274979771809 0.022391938922147185 0.019092193173348333
0 0.10936682165735659 0.9226286612794667 0.020702749732957996 0.019052876858558426
0 0.11993443625517942 0.9038116823096469 0.02561305204136637 0.01241406904617139
0 0.12219300583543467 0.9155770321617867 0.027459506489714753 0.01921014211771767
0 0.0772329107479722 0.9250648604496621 0.027498822804504518 0.020899331306906858
0 0.03518010443479652 0.9184464169680555 0.025848949930105124 0.022549204181306525
0 0.0825560343616734 0.913967181775563 0.022273989977777776 0.014024625605780766
0 0.09108061293719893 0.9103922218232356 0.024041811796546565 0.01744232029894905
0 0.08797744876234909 0.8986465301284909 0.02396317916696699 0.014063941920570672
0 0.08565990470990917 0.8894149640601351 0.02561305204136637 0.01241406904617139
0 0.08163351331088514 0.8810673089011635 0.024041811796546565 0.01744232029894905
0 0.0653896344396389 0.8898867598376125 0.02396317916696699 0.014063941920570672
0 0.06428948379891065 0.9008861477247371 0.025652368356156155 0.014103258235360579
0 0.062325080406192924 0.9127497883638513 0.02400249548175678 0.01575313110975986
0 0.056353943771846084 0.9154211792493994 0.020584800788588587 0.01398530929099086
0 0.015145732053265004 0.9087830776103979 0.022431255236936953 0.020781382362537522
0 0.03724279861448874 0.9023598033559683 0.02577031730052554 0.019170825802928147
0 0.04682821151595271 0.8894746447057056 0.02239193892214716 0.019092193173348333
0 0.017208426232957208 0.8926964639983108 0.02408112811133635 0.01913150948813824
