2 0.4296875 0.8234375 0.1 0.2625
1 0.4609375 0.940625 0.0375 0.025
0 0.628125 0.9125 0.01875 0.015625
0 0.80234375 0.9546875 0.0203125 0.015625
0 0.83203125 0.9609375 0.0203125 0.01875
0 0.871875 0.959375 0.021875 0.015625
0 0.78984375 0.94921875 0.0171875 0.0140625
0 0.79453125 0.940625 0.0171875 0.009375
0 0.83359375 0.9203125 0.0203125 0.015625
0 0.81953125 0.946875 0.0203125 0.0125
0 0.82578125 0.93515625 0.0234375 0.0140625
0 0.89140625 0.95078125 0.0203125 0.0171875
0 0.86484375 0.93046875 0.0203125 0.0140625
0 0.85234375 0.953125 0.0171875 0.015625
0 0.85 0.9390625 0.021875 0.015625
0 0.85 0.92890625 0.0125 0.0078125
