2 0.3484375 0.55078125 0.040625 0.3265625
1 0.353125 0.39765625 0.03125 0.0203125
0 0.95546875 0.19609375 0.0140625 0.0203125
0 0.9484375 0.20859375 0.0125 0.0171875
0 0.94140625 0.2046875 0.0109375 0.015625
0 0.9609375 0.16796875 0.015625 0.0171875
0 0.94609375 0.17734375 0.0109375 0.0171875
0 0.93515625 0.1734375 0.0109375 0.015625
0 0.92109375 0.16640625 0.0140625 0.0171875
0 0.95859375 0.12734375 0.0140625 0.0203125
0 0.9515625 0.14765625 0.0125 0.0171875
0 0.9484375 0.109375 0.015625 0.01875
