2 0.41328125 0.38828125 0.5015625 0.2765625
1 0.19375 0.259375 0.0625 0.021875
0 0.171875 0.275 0.028125 0.0125
0 0.54375 0.365625 0.015625 0.00625
0 0.6265625 0.36796875 0.015625 0.0078125
0 0.5703125 0.41640625 0.015625 0.0046875
0 0.88203125 0.41015625 0.0140625 0.0046875
0 0.8875 0.440625 0.009375 0.003125
0 0.809375 0.4390625 0.009375 0.003125
0 0.84375 0.45625 0.00625 0.003125
0 0.87109375 0.4609375 0.0078125 0.003125
0 0.92109375 0.4578125 0.0078125 0.003125
0 0.95078125 0.4671875 0.0078125 0.003125
