1 0.3256231734552938 0.22524699657123645 0.02455481329334549 0.043095274256620915
0 0.9120990535062735 0.9416691610581548 0.02081848889122128 0.017302085838026483
0 0.895706053184724 0.9355604507777354 0.020798495672202127 0.015583872779607238
0 0.901579846356058 0.9235679463178357 0.019080282613782883 0.015573876508454498
0 0.9439159849155581 0.9444314116621112 0.024254915008059767 0.01732207838033235
0 0.966152788579913 0.935970297895002 0.024234921789040614 0.015603865321913107
0 0.9885295447774013 0.9395366755368274 0.02083848211024043 0.019020298896445725
0 0.9412087094043055 0.933248032375657 0.020798495672202127 0.015583872779607629
0 0.9299903414770326 0.9288875239671154 0.017342076336344877 0.013845667178882515
0 0.9324477017505473 0.9185932400233292 0.01912026905182119 0.019010302625292987
0 0.9434061578305724 0.9006169786724205 0.024214928570021853 0.013885652263493862
0 0.9557135543057736 0.9247419353883599 0.01212745750403008 0.008661039190166175
0 0.9778603884845428 0.9085488628583639 0.015623863277925634 0.013835670907729386
0 0.9641946568932651 0.9153417449228182 0.01212745750403008 0.008661039190166175
0 0.9815167400105909 0.9274691990432814 0.01730208989830657 0.010409241062044028
0 0.9975062646201034 0.9129893414361282 0.004987470759793251 0.013835670907729386
0 0.9984453440253892 0.9293173636266876 0.00310931194922157 0.01898031381183438
