1 0.3841112223023238 0.33236623431463114 0.02596260092298137 0.03522958560286031
0 0.08473715512089366 0.9493990412996332 0.023678560552669113 0.01703936240425386
0 0.09899405788981608 0.9424719130883754 0.02032060548750121 0.015312381353575228
0 0.09595304050155348 0.9351229865482947 0.01861281543883496 0.013623808319985463
0 0.05500537230778166 0.9509154681154748 0.02032060548750121 0.015312381353575228
0 0.06701752768061 0.9374452918638428 0.02026298045533661 0.013662216337073579
0 0.06412057287275891 0.9259709527825083 0.01861281543883496 0.013623808319985088
0 0.05889243312056685 0.9104288131855518 0.02037823051966581 0.016962546370076877
0 0.012302769491314857 0.9461384990020167 0.023678560552669106 0.01703936240425386
0 0.03475287231058093 0.9406694957218187 0.02032060548750121 0.015312381353575228
0 0.003225617421724029 0.9341655455576824 0.006451234843448058 0.018651119403667017
