2 0.18671875 0.3953125 0.1546875 0.13125
1 0.121875 0.33984375 0.025 0.0203125
0 0.80390625 0.95546875 0.0203125 0.0140625
0 0.79140625 0.94921875 0.0203125 0.0171875
0 0.79453125 0.94140625 0.0171875 0.0078125
0 0.83359375 0.96328125 0.0203125 0.0140625
0 0.828125 0.9546875 0.01875 0.0125
0 0.82265625 0.946875 0.0203125 0.0125
0 0.82734375 0.93515625 0.0203125 0.0078125
0 0.8296875 0.92734375 0.021875 0.0078125
0 0.83203125 0.91875 0.0234375 0.009375
0 0.87265625 0.95859375 0.0234375 0.0171875
0 0.8515625 0.95546875 0.01875 0.0109375
0 0.84453125 0.94375 0.0171875 0.0125
0 0.86484375 0.94375 0.0265625 0.0125
0 0.846875 0.9328125 0.01875 0.0125
0 0.8859375 0.9390625 0.015625 0.015625
0 0.86640625 0.93125 0.0203125 0.0125
0 0.8984375 0.94375 0.015625 0.021875
0 0.8859375 0.9546875 0.0125 0.01875
0 0.9375 0.9265625 0.01875 0.009375
0 0.92265625 0.940625 0.0171875 0.01875
0 0.96484375 0.93125 0.0203125 0.01875
0 0.98125 0.93046875 0.015625 0.0203125
0 0.9953125 0.93203125 0.009375 0.0171875
0 0.98984375 0.946875 0.0171875 0.0125
0 0.940625 0.940625 0.01875 0.015625
