0 0.7283820873982121 0.9704521015193266 0.01943056547605969 0.019875374397931484
0 0.7473429419256826 0.979042753695036 0.017664150432781592 0.01806852217993793
0 0.7501895400496856 0.965259976466471 0.019339653679558526 0.014667041064598152
0 0.7647646609011278 0.9762779425416402 0.014131320346225194 0.014454817743950028
0 0.7860070973187163 0.9536893358242319 0.021075764790669638 0.014737782171480597
0 0.7786990056882672 0.9742397047300346 0.021075764790669638 0.014737782171480597
0 0.8004761544075738 0.9707836907882902 0.015867431457336306 0.014525558850832867
0 0.7373959862076052 0.9517085848315178 0.015867431457336306 0.014525558850832867
0 0.7271459911678573 0.9417355270791106 0.014131320346225194 0.014454817743950028
0 0.7212968817702211 0.9284670998716879 0.019369957611725712 0.016403152175709264
0 0.7075443605760839 0.9200886710166267 0.01589773538950349 0.01626166996194398
0 0.7017861629749491 0.9016119104758707 0.015867431457336306 0.014525558850832867
0 0.7295790927188103 0.9018757126304379 0.012304297438612919 0.00917574330373425
0 0.7249963834836962 0.9155877487521198 0.012364905302947093 0.012647965525956472
0 0.750276058357392 0.9105371059130296 0.012334601370780105 0.01091185441484536
0 0.7361295860450833 0.9247281215024129 0.014131320346225194 0.014454817743950028
0 0.7657040827983062 0.9224584980971957 0.017573238636280426 0.012860188846604202
0 0.7472173327082197 0.9364726609193722 0.014101016414058205 0.012718706632838916
0 0.7521680826181332 0.9514418286844647 0.017664150432781592 0.01806852217993793
0 0.7628574846743033 0.9362412753257606 0.01227399350644593 0.007439632192623138
0 0.7684490106485193 0.9642666469776278 0.017603542568447414 0.014596299957715312
0 0.7669856349269116 0.9485709058707451 0.01416162427839238 0.01619092885506114
0 0.7819244029643584 0.938755538612581 0.014101016414058205 0.012718706632838916
0 0.7838574896345553 0.9275415574972414 0.010537882395334819 0.007368891085740298
0 0.7985841301468327 0.9298789680168551 0.012334601370780105 0.01091185441484536
0 0.7992855140754694 0.9394629496814075 0.012364905302947093 0.012647965525956472
0 0.8077539421058558 0.9519694329935986 0.017603542568447414 0.014596299957715707
0 0.8187810809046581 0.9671861946327804 0.017603542568447414 0.014596299957715707
