1 0.18609423816941184 0.11585461167963382 0.044629908870569744 0.032459768771330236
0 0.4767182033956391 0.8454454734827508 0.0241134166848589 0.02217194850398886
0 0.654551173239407 0.8520372156350384 0.022329746863190163 0.017077342012783762
0 0.6626454356215746 0.9223219646791734 0.015638840413672462 0.022122644861522885
0 0.6782947792266343 0.8510517078090157 0.02054607704152123 0.011982735521578665
0 0.6960470121124099 0.8534905430411935 0.015461331278809366 0.011953153336099157
0 0.7171594906508497 0.8576045720706225 0.018821576931473457 0.010277959538848335
0 0.6905037010846348 0.879791311667351 0.018939916354715394 0.017057620555797487
0 0.7058023156564861 0.877160192229557 0.015520500990430527 0.015342983844573733
0 0.722751468198859 0.8770615849446254 0.018939916354715394 0.017057620555797487
