2 0.25390625 0.6078125 0.0609375 0.309375
1 0.259375 0.74140625 0.040625 0.0359375
0 0.865625 0.96953125 0.021875 0.0265625
0 0.68359375 0.96015625 0.0203125 0.0203125
0 0.70390625 0.96484375 0.0109375 0.0203125
0 0.84921875 0.971875 0.0078125 0.01875
0 0.72265625 0.97109375 0.0078125 0.0109375
0 0.73203125 0.95546875 0.0078125 0.0109375
0 0.74375 0.95 0.0125 0.0125
0 0.7609375 0.940625 0.0125 0.0125
0 0.8109375 0.9421875 0.009375 0.0125
0 0.8265625 0.95078125 0.00625 0.0109375
0 0.83515625 0.96015625 0.0046875 0.0109375
0 0.7390625 0.97421875 0.009375 0.0109375
0 0.74921875 0.9625 0.0109375 0.0125
0 0.7640625 0.95703125 0.0125 0.0140625
0 0.78359375 0.95234375 0.0109375 0.0140625
0 0.79765625 0.953125 0.0109375 0.015625
0 0.8125 0.96015625 0.0125 0.0140625
0 0.82734375 0.9671875 0.0078125 0.0125
0 0.83671875 0.97890625 0.0078125 0.0140625
0 0.74375 0.98828125 0.009375 0.0109375
0 0.753125 0.9796875 0.009375 0.0125
0 0.7671875 0.9734375 0.0125 0.0125
0 0.7828125 0.97109375 0.0125 0.0171875
0 0.79765625 0.96875 0.0078125 0.0125
0 0.8125 0.97421875 0.009375 0.0109375
0 0.825 0.9828125 0.00625 0.0125
0 0.83359375 0.9921875 0.0046875 0.009375
0 0.75625 0.99453125 0.009375 0.0109375
0 0.771875 0.99140625 0.0125 0.0171875
0 0.7859375 0.990625 0.009375 0.0125
0 0.79921875 0.9875 0.0109375 0.0125
0 0.8109375 0.9921875 0.009375 0.0125
0 0.82734375 0.996875 0.0140625 0.00625
