2 0.6078125 0.74609375 0.309375 0.0609375
1 0.74140625 0.740625 0.0359375 0.040625
0 0.96953125 0.134375 0.0265625 0.021875
0 0.96015625 0.31640625 0.0203125 0.0203125
0 0.96484375 0.29609375 0.0203125 0.0109375
0 0.971875 0.15078125 0.01875 0.0078125
0 0.97109375 0.27734375 0.0109375 0.0078125
0 0.95546875 0.26796875 0.0109375 0.0078125
0 0.95 0.25625 0.0125 0.0125
0 0.940625 0.2390625 0.0125 0.0125
0 0.9421875 0.1890625 0.0125 0.009375
0 0.95078125 0.1734375 0.0109375 0.00625
0 0.96015625 0.16484375 0.0109375 0.0046875
0 0.97421875 0.2609375 0.0109375 0.009375
0 0.9625 0.25078125 0.0125 0.0109375
0 0.95703125 0.2359375 0.0140625 0.0125
0 0.95234375 0.21640625 0.0140625 0.0109375
0 0.953125 0.20234375 0.015625 0.0109375
0 0.96015625 0.1875 0.0140625 0.0125
0 0.9671875 0.17265625 0.0125 0.0078125
0 0.97890625 0.16328125 0.0140625 0.0078125
0 0.98828125 0.25625 0.0109375 0.009375
0 0.9796875 0.246875 0.0125 0.009375
0 0.9734375 0.2328125 0.0125 0.0125
0 0.97109375 0.2171875 0.0171875 0.0125
0 0.96875 0.20234375 0.0125 0.0078125
0 0.97421875 0.1875 0.0109375 0.009375
0 0.9828125 0.175 0.0125 0.00625
0 0.9921875 0.16640625 0.009375 0.0046875
0 0.99453125 0.24375 0.0109375 0.009375
0 0.99140625 0.228125 0.0171875 0.0125
0 0.990625 0.2140625 0.0125 0.009375
0 0.9875 0.20078125 0.0125 0.0109375
0 0.9921875 0.1890625 0.0125 0.009375
0 0.996875 0.17265625 0.00625 0.0140625
