2 0.36171875 0.6046875 0.0484375 0.284375
1 0.34765625 0.7328125 0.0203125 0.01875
0 0.68046875 0.96015625 0.0234375 0.0234375
0 0.70546875 0.9640625 0.0234375 0.01875
0 0.86796875 0.96953125 0.0234375 0.0171875
0 0.85 0.971875 0.015625 0.015625
0 0.76015625 0.94140625 0.0140625 0.0109375
0 0.74140625 0.94765625 0.0171875 0.0171875
0 0.81171875 0.9453125 0.0109375 0.015625
0 0.7640625 0.990625 0.015625 0.0125
0 0.784375 0.9890625 0.015625 0.015625
0 0.80234375 0.9890625 0.0140625 0.015625
0 0.81640625 0.9921875 0.0171875 0.015625
0 0.74453125 0.996875 0.0171875 0.00625
0 0.81328125 0.9765625 0.0171875 0.015625
0 0.828125 0.96796875 0.015625 0.0171875
0 0.8296875 0.95078125 0.0125 0.0171875
0 0.7921875 0.940625 0.01875 0.0125
0 0.775 0.93828125 0.0125 0.0140625
0 0.79921875 0.9546875 0.0140625 0.015625
0 0.79453125 0.96875 0.0140625 0.015625
0 0.7828125 0.96875 0.01875 0.015625
0 0.78203125 0.95390625 0.0171875 0.0140625
0 0.76953125 0.97421875 0.0171875 0.0140625
0 0.765625 0.96015625 0.0125 0.0109375
0 0.75234375 0.9796875 0.0171875 0.0125
0 0.75 0.9671875 0.015625 0.015625
0 0.7375 0.9765625 0.0125 0.015625
0 0.73125 0.96015625 0.015625 0.0109375
0 0.73046875 0.984375 0.0171875 0.009375
0 0.871875 0.609375 0.009375 0.009375
0 0.88125 0.609375 0.009375 0.009375
0 0.84609375 0.61640625 0.0078125 0.0078125
0 0.8515625 0.61796875 0.0125 0.0109375
0 0.8625 0.621875 0.009375 0.00625
0 0.8625 0.61171875 0.009375 0.0078125
0 0.87421875 0.61796875 0.0078125 0.0078125
0 0.83671875 0.615625 0.0109375 0.009375
