1 0.32421875 0.271875 0.01875 0.0375
0 0.803125 0.95546875 0.0171875 0.0140625
0 0.7890625 0.94921875 0.0171875 0.0125
0 0.7953125 0.9390625 0.015625 0.0125
0 0.83203125 0.96015625 0.0203125 0.0140625
0 0.853125 0.95390625 0.0203125 0.0125
0 0.87265625 0.95859375 0.0171875 0.015625
0 0.83046875 0.95 0.0171875 0.0125
0 0.8203125 0.9453125 0.015625 0.0109375
0 0.8234375 0.9359375 0.015625 0.015625
0 0.83515625 0.9203125 0.021875 0.0109375
0 0.84453125 0.94296875 0.0109375 0.0078125
0 0.865625 0.9296875 0.0140625 0.0109375
0 0.85234375 0.93515625 0.0109375 0.0078125
0 0.8671875 0.946875 0.015625 0.0078125
0 0.8890625 0.9359375 0.0171875 0.0109375
0 0.88984375 0.95078125 0.015625 0.015625
