1 0.7056155908673173 0.28674650521668743 0.02205858843264941 0.04219743811438665
0 0.19269636425556433 0.9978969846423146 0.01736213455064475 0.004206030715370919
0 0.20807027979811135 0.9956797868218074 0.01754213851709706 0.00864042635638525
0 0.2008374196315298 0.9862849615277176 0.0176621411613986 0.014545975060957946
0 0.13682443919586354 0.9953114382106376 0.02251677372590248 0.006194990946942729
0 0.16253763375000138 0.9945994215204422 0.019260351575516303 0.010801156959115451
0 0.17358601598542497 0.9918773808116282 0.01754213851709706 0.011109548944119458
0 0.16978958193568186 0.9814080483423919 0.01778214380570014 0.017982401177796044
0 0.15713207664416406 0.9628066218134673 0.022696777692354793 0.011349630122200461
0 0.14683371093562514 0.9872005352747039 0.012327498019688557 0.00915125470761921
0 0.12229871754054956 0.9723344519763043 0.015883926780828585 0.012747734943178107
0 0.13794263903277507 0.9782093346858054 0.012327498019688557 0.00915125470761921
0 0.12206962489392303 0.990335675560026 0.01742213587279552 0.00767312282728097
0 0.09756463215992284 0.9763286987908363 0.01754213851709706 0.011109548944119458
0 0.09632642967870975 0.9899943761988299 0.01754213851709706 0.011109548944119458
