1 0.615625 0.94765625 0.0359375 0.0203125
0 0.62890625 0.9125 0.01875 0.015625
0 0.803125 0.95703125 0.0171875 0.015625
0 0.7953125 0.9390625 0.0234375 0.0078125
0 0.7921875 0.94921875 0.0234375 0.0140625
0 0.83203125 0.96171875 0.0234375 0.015625
0 0.871875 0.95859375 0.021875 0.01875
0 0.82890625 0.95078125 0.01875 0.0109375
0 0.82109375 0.946875 0.0203125 0.0140625
0 0.82578125 0.93671875 0.0203125 0.0109375
0 0.82890625 0.928125 0.021875 0.009375
0 0.83359375 0.92109375 0.0203125 0.0140625
0 0.84765625 0.93046875 0.0203125 0.0109375
0 0.846875 0.940625 0.021875 0.0109375
0 0.84765625 0.9515625 0.0203125 0.0125
0 0.853125 0.9546875 0.0171875 0.0109375
0 0.89140625 0.9515625 0.01875 0.0171875
0 0.871875 0.94375 0.021875 0.015625
0 0.86484375 0.93125 0.01875 0.015625
0 0.89140625 0.93671875 0.0203125 0.015625
0 0.99296875 0.928125 0.0140625 0.0140625
0 0.99140625 0.94296875 0.015625 0.0140625
0 0.97890625 0.92734375 0.0171875 0.015625
0 0.978125 0.9421875 0.0171875 0.0171875
0 0.9609375 0.9296875 0.021875 0.0109375
0 0.9609375 0.9421875 0.0171875 0.0140625
0 0.9375 0.92890625 0.021875 0.0109375
0 0.94453125 0.940625 0.0171875 0.0125
0 0.921875 0.93828125 0.0171875 0.0125
0 0.9171875 0.94765625 0.015625 0.009375
