0 0.503125 0.20703125 0.121875 0.084375
0 0.6921875 0.21796875 0.1375 0.184375
0 0.40546875 0.23984375 0.1265625 0.1703125
0 0.590625 0.284375 0.115625 0.18125
0 0.503125 0.30625 0.1453125 0.178125
0 0.325 0.31875 0.109375 0.140625
0 0.259375 0.390625 0.1390625 0.1765625
0 0.3921875 0.40625 0.1359375 0.1796875
0 0.77265625 0.409375 0.1484375 0.2046875
0 0.61640625 0.48984375 0.153125 0.1984375
0 0.20625 0.49609375 0.1421875 0.2015625
0 0.4375 0.50625 0.15 0.1984375
0 0.85703125 0.51328125 0.14375 0.1953125
0 0.62265625 0.65078125 0.1296875 0.159375
0 0.309375 0.66875 0.1453125 0.1921875
0 0.45 0.6703125 0.1421875 0.190625
0 0.19609375 0.67578125 0.1421875 0.1828125
0 0.86796875 0.6859375 0.1375 0.171875
0 0.7328125 0.69921875 0.140625 0.1859375
0 0.5453125 0.7359375 0.15 0.196875
0 0.67109375 0.80234375 0.159375 0.2078125
0 0.82421875 0.8375 0.1421875 0.1875
0 0.43125 0.86796875 0.15625 0.215625
