0 0.7109375 0.1390625 0.0984375 0.14765625
0 0.6578125 0.46484375 0.11640625 0.1640625
0 0.68203125 0.77578125 0.14921875 0.1640625
0 0.38359375 0.63671875 0.1125 0.14765625
0 0.31484375 0.78125 0.134375 0.1640625
0 0.19453125 0.78125 0.10546875 0.175
0 0.1578125 0.609375 0.1203125 0.15859375
0 0.22734375 0.5109375 0.10546875 0.12578125
0 0.4125 0.48359375 0.12734375 0.14765625
0 0.1328125 0.41796875 0.10546875 0.13671875
0 0.21640625 0.36640625 0.10546875 0.153125
0 0.30703125 0.35 0.0984375 0.1421875
0 0.31796875 0.21328125 0.10546875 0.13125
0 0.40390625 0.16953125 0.1015625 0.13125
0 0.41484375 0.303125 0.1015625 0.15859375
0 0.51640625 0.2375 0.11640625 0.14765625
