0 0.1921875 0.1828125 0.10859375 0.10859375
0 0.39609375 0.18828125 0.11015625 0.11328125
0 0.39453125 0.359375 0.1109375 0.1234375
0 0.2 0.39453125 0.11328125 0.10546875
0 0.31328125 0.465625 0.115625 0.125
0 0.13046875 0.46953125 0.1203125 0.11796875
0 0.25078125 0.58359375 0.1234375 0.128125
0 0.50078125 0.59296875 0.12109375 0.13203125
0 0.34609375 0.65703125 0.11796875 0.121875
0 0.7 0.67890625 0.128125 0.1265625
0 0.5640625 0.684375 0.115625 0.1234375
0 0.153125 0.71484375 0.1234375 0.125
0 0.4359375 0.74453125 0.12578125 0.13203125
0 0.28203125 0.7671875 0.12578125 0.134375
0 0.5265625 0.078125 0.11328125 0.1109375
0 0.7015625 0.79921875 0.1359375 0.14375
0 0.1984375 0.82265625 0.1234375 0.121875
0 0.1453125 0.93671875 0.140625 0.1171875
