0 0.62109375 0.3171875 0.1578125 0.1703125
0 0.4640625 0.34140625 0.1578125 0.1625
0 0.30625 0.34609375 0.1578125 0.1671875
0 0.13984375 0.34609375 0.1609375 0.1734375
0 0.775 0.3515625 0.1609375 0.1484375
0 0.5296875 0.48359375 0.1609375 0.1578125
0 0.69140625 0.4875 0.1578125 0.1609375
0 0.3703125 0.49140625 0.1609375 0.153125
0 0.2078125 0.4953125 0.165625 0.1609375
0 0.8546875 0.5 0.1609375 0.1546875
0 0.6171875 0.6515625 0.165625 0.1625
0 0.1125 0.65234375 0.1703125 0.175
0 0.7859375 0.65390625 0.1828125 0.1734375
0 0.2859375 0.6609375 0.1671875 0.1671875
0 0.45390625 0.66484375 0.1578125 0.175
