0 0.8765625 0.36875 0.246875 0.1625
0 0.30234375 0.3921875 0.2203125 0.0859375
0 0.15703125 0.41796875 0.253125 0.1140625
0 0.1015625 0.434375 0.203125 0.103125
0 0.6125 0.45625 0.35 0.215625
0 0.94453125 0.46015625 0.1109375 0.175
0 0.35234375 0.4765625 0.2484375 0.121875
0 0.15 0.51015625 0.296875 0.1484375
0 0.87578125 0.54453125 0.2484375 0.0890625
0 0.50546875 0.571875 0.346875 0.1421875
0 0.24375 0.62890625 0.4828125 0.2109375
0 0.8578125 0.65234375 0.284375 0.1921875
0 0.72109375 0.70859375 0.49375 0.2203125
0 0.23984375 0.7640625 0.475 0.3078125
0 0.72578125 0.86640625 0.5484375 0.2671875
0 0.36875 0.925 0.7359375 0.15
