1 0.5703125 0.1765625 0.1 0.2625
2 0.5390625 0.059375 0.0375 0.025
0 0.371875 0.0875 0.01875 0.015625
0 0.19765625 0.0453125 0.0203125 0.015625
0 0.16796875 0.0390625 0.0203125 0.01875
0 0.128125 0.040625 0.021875 0.015625
0 0.21015625 0.05078125 0.0171875 0.0140625
0 0.20546875 0.059375 0.0171875 0.009375
0 0.16640625 0.0796875 0.0203125 0.015625
0 0.18046875 0.053125 0.0203125 0.0125
0 0.17421875 0.06484375 0.0234375 0.0140625
0 0.10859375 0.04921875 0.0203125 0.0171875
0 0.13515625 0.06953125 0.0203125 0.0140625
0 0.14765625 0.046875 0.0171875 0.015625
0 0.15 0.0609375 0.021875 0.015625
0 0.15 0.07109375 0.0125 0.0078125