1 0.284375 0.5046875 0.275 0.528125
0 0.10625 0.7125 0.015625 0.015625
0 0.0984375 0.72890625 0.0125 0.0140625
0 0.11015625 0.73203125 0.0109375 0.0171875
0 0.10078125 0.7453125 0.0109375 0.0125
0 0.11953125 0.76484375 0.0109375 0.0171875
0 0.10234375 0.7578125 0.0109375 0.01875
0 0.1046875 0.77734375 0.009375 0.0140625
0 0.12265625 0.72109375 0.0109375 0.0140625
0 0.13203125 0.7125 0.0109375 0.0125
0 0.14453125 0.7078125 0.0109375 0.015625
0 0.1515625 0.69609375 0.0125 0.0140625
0 0.16953125 0.69140625 0.0109375 0.0140625
0 0.16796875 0.71640625 0.0078125 0.0109375
0 0.15625 0.71171875 0.009375 0.0109375
0 0.159375 0.73515625 0.009375 0.0109375
0 0.14765625 0.721875 0.0109375 0.0125
0 0.1484375 0.7484375 0.009375 0.015625
0 0.13671875 0.73125 0.0078125 0.0125
0 0.1234375 0.73515625 0.0125 0.0140625
0 0.1359375 0.7453125 0.00625 0.009375
0 0.11015625 0.7484375 0.0109375 0.015625
0 0.125 0.7484375 0.0125 0.009375
0 0.1328125 0.7625 0.009375 0.0125
0 0.14375 0.7640625 0.00625 0.009375
0 0.140625 0.77734375 0.009375 0.0109375
0 0.1328125 0.77734375 0.009375 0.0109375
0 0.12109375 0.784375 0.0109375 0.015625
0 0.10703125 0.79375 0.0109375 0.015625