1 0.328125 0.07734375 0.30625 0.0703125
2 0.4640625 0.07109375 0.021875 0.0484375
0 0.8875 0.96015625 0.028125 0.0203125
0 0.965625 0.87890625 0.015625 0.0109375
0 0.9921875 0.88984375 0.015625 0.0109375
0 0.89765625 0.89140625 0.0109375 0.0078125
0 0.91015625 0.89921875 0.0109375 0.0078125
0 0.9234375 0.90546875 0.0125 0.0078125
0 0.93671875 0.9109375 0.0078125 0.009375
0 0.9484375 0.91640625 0.009375 0.0109375
0 0.959375 0.92265625 0.009375 0.0078125
0 0.94921875 0.9390625 0.0140625 0.0125
0 0.93828125 0.93125 0.0078125 0.00625
0 0.9078125 0.91640625 0.009375 0.0078125
0 0.93046875 0.92734375 0.0078125 0.0046875