1 0.2453125 0.44921875 0.290625 0.3203125
2 0.109375 0.30390625 0.01875 0.0296875
0 0.6296875 0.9125 0.01875 0.015625
0 0.79375 0.94140625 0.021875 0.0109375
0 0.78984375 0.95078125 0.0140625 0.0140625
0 0.803125 0.95546875 0.01875 0.0171875
0 0.83125 0.959375 0.021875 0.01875
0 0.87265625 0.96015625 0.0234375 0.0171875
0 0.834375 0.9203125 0.01875 0.015625
0 0.8203125 0.9453125 0.01875 0.0125
0 0.865625 0.93203125 0.015625 0.0140625
0 0.825 0.93515625 0.01875 0.0109375
0 0.8515625 0.953125 0.01875 0.015625
0 0.84375 0.93984375 0.015625 0.0140625
0 0.85 0.928125 0.0125 0.00625
0 0.88515625 0.93359375 0.0109375 0.0078125
0 0.87265625 0.9453125 0.0140625 0.009375
0 0.89453125 0.9390625 0.0140625 0.009375