1 0.3421875 0.54921875 0.14375 0.7171875
2 0.3921875 0.21171875 0.05 0.0421875
0 0.15625 0.69609375 0.01875 0.0203125
0 0.16796875 0.6921875 0.0140625 0.015625
0 0.14609375 0.72734375 0.0109375 0.0171875
0 0.134375 0.71484375 0.0125 0.0171875
0 0.153125 0.74296875 0.015625 0.0140625
0 0.1546875 0.75703125 0.0125 0.0140625
0 0.16796875 0.75234375 0.0078125 0.0140625
0 0.1734375 0.715625 0.00625 0.015625
0 0.17265625 0.73203125 0.0078125 0.0140625
0 0.10546875 0.71015625 0.0109375 0.0140625
0 0.1078125 0.73046875 0.0125 0.0140625