1 0.3953125 0.36171875 0.284375 0.0484375
2 0.2671875 0.34765625 0.01875 0.0203125
0 0.03984375 0.68046875 0.0234375 0.0234375
0 0.0359375 0.70546875 0.01875 0.0234375
0 0.03046875 0.86796875 0.0171875 0.0234375
0 0.028125 0.85 0.015625 0.015625
0 0.05859375 0.76015625 0.0109375 0.0140625
0 0.05234375 0.74140625 0.0171875 0.0171875
0 0.0546875 0.81171875 0.015625 0.0109375
0 0.009375 0.7640625 0.0125 0.015625
0 0.0109375 0.784375 0.015625 0.015625
0 0.0109375 0.80234375 0.015625 0.0140625
0 0.0078125 0.81640625 0.015625 0.0171875
0 0.003125 0.74453125 0.00625 0.0171875
0 0.0234375 0.81328125 0.015625 0.0171875
0 0.03203125 0.828125 0.0171875 0.015625
0 0.04921875 0.8296875 0.0171875 0.0125
0 0.059375 0.7921875 0.0125 0.01875
0 0.06171875 0.775 0.0140625 0.0125
0 0.0453125 0.79921875 0.015625 0.0140625
0 0.03125 0.79453125 0.015625 0.0140625
0 0.03125 0.7828125 0.015625 0.01875
0 0.04609375 0.78203125 0.0140625 0.0171875
0 0.02578125 0.76953125 0.0140625 0.0171875
0 0.03984375 0.765625 0.0109375 0.0125
0 0.0203125 0.75234375 0.0125 0.0171875
0 0.0328125 0.75 0.015625 0.015625
0 0.0234375 0.7375 0.015625 0.0125
0 0.03984375 0.73125 0.0109375 0.015625
0 0.015625 0.73046875 0.009375 0.0171875
0 0.390625 0.871875 0.009375 0.009375
0 0.390625 0.88125 0.009375 0.009375
0 0.38359375 0.84609375 0.0078125 0.0078125
0 0.38203125 0.8515625 0.0109375 0.0125
0 0.378125 0.8625 0.00625 0.009375
0 0.38828125 0.8625 0.0078125 0.009375
0 0.38203125 0.87421875 0.0078125 0.0078125
0 0.384375 0.83671875 0.009375 0.0109375