1 0.59921875 0.23125 0.1109375 0.03125
2 0.6453125 0.23359375 0.01875 0.0265625
0 0.0875 0.6296875 0.015625 0.01875
0 0.04375 0.803125 0.015625 0.021875
0 0.05859375 0.79453125 0.0078125 0.0203125
0 0.05 0.7921875 0.0125 0.021875
0 0.0375 0.83203125 0.0125 0.0203125
0 0.04765625 0.83125 0.0109375 0.01875
0 0.0546875 0.821875 0.0125 0.01875
0 0.0640625 0.8265625 0.009375 0.021875
0 0.071875 0.83046875 0.00625 0.0234375
0 0.08046875 0.83515625 0.0109375 0.0203125
0 0.040625 0.87265625 0.01875 0.0234375
0 0.046875 0.8515625 0.015625 0.021875
0 0.0625 0.85 0.015625 0.021875
0 0.0671875 0.865625 0.015625 0.015625
0 0.059375 0.87890625 0.01875 0.0296875
0 0.05 0.8921875 0.015625 0.01875
0 0.0734375 0.93671875 0.0125 0.0203125
0 0.0609375 0.92265625 0.01875 0.0203125
0 0.06015625 0.94140625 0.0203125 0.0171875
0 0.071875 0.9921875 0.01875 0.015625
0 0.071875 0.978125 0.015625 0.015625
0 0.06953125 0.96015625 0.0171875 0.0203125
0 0.05625 0.9890625 0.015625 0.021875
0 0.05390625 0.9703125 0.0171875 0.015625
0 0.05390625 0.9546875 0.0171875 0.015625