1 0.74609375 0.3921875 0.0609375 0.309375
2 0.740625 0.25859375 0.040625 0.0359375
0 0.134375 0.03046875 0.021875 0.0265625
0 0.31640625 0.03984375 0.0203125 0.0203125
0 0.29609375 0.03515625 0.0109375 0.0203125
0 0.15078125 0.028125 0.0078125 0.01875
0 0.27734375 0.02890625 0.0078125 0.0109375
0 0.26796875 0.04453125 0.0078125 0.0109375
0 0.25625 0.05 0.0125 0.0125
0 0.2390625 0.059375 0.0125 0.0125
0 0.1890625 0.0578125 0.009375 0.0125
0 0.1734375 0.04921875 0.00625 0.0109375
0 0.16484375 0.03984375 0.0046875 0.0109375
0 0.2609375 0.02578125 0.009375 0.0109375
0 0.25078125 0.0375 0.0109375 0.0125
0 0.2359375 0.04296875 0.0125 0.0140625
0 0.21640625 0.04765625 0.0109375 0.0140625
0 0.20234375 0.046875 0.0109375 0.015625
0 0.1875 0.03984375 0.0125 0.0140625
0 0.17265625 0.0328125 0.0078125 0.0125
0 0.16328125 0.02109375 0.0078125 0.0140625
0 0.25625 0.01171875 0.009375 0.0109375
0 0.246875 0.0203125 0.009375 0.0125
0 0.2328125 0.0265625 0.0125 0.0125
0 0.2171875 0.02890625 0.0125 0.0171875
0 0.20234375 0.03125 0.0078125 0.0125
0 0.1875 0.02578125 0.009375 0.0109375
0 0.175 0.0171875 0.00625 0.0125
0 0.16640625 0.0078125 0.0046875 0.009375
0 0.24375 0.00546875 0.009375 0.0109375
0 0.228125 0.00859375 0.0125 0.0171875
0 0.2140625 0.009375 0.009375 0.0125
0 0.20078125 0.0125 0.0109375 0.0125
0 0.1890625 0.0078125 0.009375 0.0125
0 0.17265625 0.003125 0.0140625 0.00625