1 0.671875 0.92265625 0.30625 0.0703125
2 0.5359375 0.92890625 0.021875 0.0484375
0 0.1125 0.03984375 0.028125 0.0203125
0 0.034375 0.12109375 0.015625 0.0109375
0 0.0078125 0.11015625 0.015625 0.0109375
0 0.10234375 0.10859375 0.0109375 0.0078125
0 0.08984375 0.10078125 0.0109375 0.0078125
0 0.0765625 0.09453125 0.0125 0.0078125
0 0.06328125 0.0890625 0.0078125 0.009375
0 0.0515625 0.08359375 0.009375 0.0109375
0 0.040625 0.07734375 0.009375 0.0078125
0 0.05078125 0.0609375 0.0140625 0.0125
0 0.06171875 0.06875 0.0078125 0.00625
0 0.0921875 0.08359375 0.009375 0.0078125
0 0.06953125 0.07265625 0.0078125 0.0046875