1 0.76875 0.59921875 0.03125 0.1109375
2 0.76640625 0.6453125 0.0265625 0.01875
0 0.3703125 0.0875 0.01875 0.015625
0 0.196875 0.04375 0.021875 0.015625
0 0.20546875 0.05859375 0.0203125 0.0078125
0 0.2078125 0.05 0.021875 0.0125
0 0.16796875 0.0375 0.0203125 0.0125
0 0.16875 0.04765625 0.01875 0.0109375
0 0.178125 0.0546875 0.01875 0.0125
0 0.1734375 0.0640625 0.021875 0.009375
0 0.16953125 0.071875 0.0234375 0.00625
0 0.16484375 0.08046875 0.0203125 0.0109375
0 0.12734375 0.040625 0.0234375 0.01875
0 0.1484375 0.046875 0.021875 0.015625
0 0.15 0.0625 0.021875 0.015625
0 0.134375 0.0671875 0.015625 0.015625
0 0.12109375 0.059375 0.0296875 0.01875
0 0.1078125 0.05 0.01875 0.015625
0 0.06328125 0.0734375 0.0203125 0.0125
0 0.07734375 0.0609375 0.0203125 0.01875
0 0.05859375 0.06015625 0.0171875 0.0203125
0 0.0078125 0.071875 0.015625 0.01875
0 0.021875 0.071875 0.015625 0.015625
0 0.03984375 0.06953125 0.0203125 0.0171875
0 0.0109375 0.05625 0.021875 0.015625
0 0.0296875 0.05390625 0.015625 0.0171875
0 0.0453125 0.05390625 0.015625 0.0171875