1 0.81328125 0.6046875 0.1546875 0.13125
2 0.878125 0.66015625 0.025 0.0203125
0 0.19609375 0.04453125 0.0203125 0.0140625
0 0.20859375 0.05078125 0.0203125 0.0171875
0 0.20546875 0.05859375 0.0171875 0.0078125
0 0.16640625 0.03671875 0.0203125 0.0140625
0 0.171875 0.0453125 0.01875 0.0125
0 0.17734375 0.053125 0.0203125 0.0125
0 0.17265625 0.06484375 0.0203125 0.0078125
0 0.1703125 0.07265625 0.021875 0.0078125
0 0.16796875 0.08125 0.0234375 0.009375
0 0.12734375 0.04140625 0.0234375 0.0171875
0 0.1484375 0.04453125 0.01875 0.0109375
0 0.15546875 0.05625 0.0171875 0.0125
0 0.13515625 0.05625 0.0265625 0.0125
0 0.153125 0.0671875 0.01875 0.0125
0 0.1140625 0.0609375 0.015625 0.015625
0 0.13359375 0.06875 0.0203125 0.0125
0 0.1015625 0.05625 0.015625 0.021875
0 0.1140625 0.0453125 0.0125 0.01875
0 0.0625 0.0734375 0.01875 0.009375
0 0.07734375 0.059375 0.0171875 0.01875
0 0.03515625 0.06875 0.0203125 0.01875
0 0.01875 0.06953125 0.015625 0.0203125
0 0.0046875 0.06796875 0.009375 0.0171875
0 0.01015625 0.053125 0.0171875 0.0125
0 0.059375 0.059375 0.01875 0.015625