1 0.80859375 0.49921875 0.3015625 0.2671875
2 0.94765625 0.384375 0.0203125 0.0375
0 0.9125 0.37109375 0.015625 0.0171875
0 0.9578125 0.19609375 0.015625 0.0171875
0 0.9390625 0.20390625 0.00625 0.0234375
0 0.94921875 0.2078125 0.0140625 0.021875
0 0.96171875 0.16796875 0.0140625 0.0234375
0 0.95859375 0.128125 0.0171875 0.021875
0 0.95078125 0.1703125 0.0109375 0.01875
0 0.94765625 0.17890625 0.0140625 0.0203125
0 0.93671875 0.17421875 0.0109375 0.0203125
0 0.928125 0.1703125 0.009375 0.021875
0 0.92109375 0.16640625 0.0140625 0.0203125
0 0.93046875 0.15234375 0.0109375 0.0203125
0 0.940625 0.153125 0.009375 0.021875
0 0.9515625 0.15234375 0.0125 0.0203125
0 0.95546875 0.14609375 0.0109375 0.0171875
0 0.95234375 0.1078125 0.0171875 0.01875
0 0.94375 0.128125 0.015625 0.021875
0 0.93125 0.134375 0.015625 0.01875
0 0.93671875 0.10859375 0.0140625 0.0203125
0 0.92890625 0.00703125 0.0140625 0.0140625
0 0.94296875 0.0078125 0.0140625 0.015625
0 0.92734375 0.02109375 0.0140625 0.0171875
0 0.9421875 0.02109375 0.015625 0.0171875
0 0.93046875 0.0390625 0.0109375 0.021875
0 0.94296875 0.03828125 0.0140625 0.0171875
0 0.92890625 0.0625 0.0109375 0.021875
0 0.940625 0.05546875 0.0125 0.0171875
0 0.93828125 0.078125 0.0109375 0.015625
0 0.9484375 0.0828125 0.009375 0.015625