1 0.6578125 0.45078125 0.14375 0.7171875
2 0.6078125 0.78828125 0.05 0.0421875
0 0.84375 0.30390625 0.01875 0.0203125
0 0.83203125 0.3078125 0.0140625 0.015625
0 0.85390625 0.27265625 0.0109375 0.0171875
0 0.865625 0.28515625 0.0125 0.0171875
0 0.846875 0.25703125 0.015625 0.0140625
0 0.8453125 0.24296875 0.0125 0.0140625
0 0.83203125 0.24765625 0.0078125 0.0140625
0 0.8265625 0.284375 0.00625 0.015625
0 0.82734375 0.26796875 0.0078125 0.0140625
0 0.89453125 0.28984375 0.0109375 0.0140625
0 0.8921875 0.26953125 0.0125 0.0140625