1 0.58671875 0.61171875 0.5015625 0.2765625
2 0.80625 0.740625 0.0625 0.021875
0 0.828125 0.725 0.028125 0.0125
0 0.45625 0.634375 0.015625 0.00625
0 0.3734375 0.63203125 0.015625 0.0078125
0 0.4296875 0.58359375 0.015625 0.0046875
0 0.11796875 0.58984375 0.0140625 0.0046875
0 0.1125 0.559375 0.009375 0.003125
0 0.190625 0.5609375 0.009375 0.003125
0 0.15625 0.54375 0.00625 0.003125
0 0.12890625 0.5390625 0.0078125 0.003125
0 0.07890625 0.5421875 0.0078125 0.003125
0 0.04921875 0.5328125 0.0078125 0.003125