1 0.715625 0.4953125 0.275 0.528125
0 0.89375 0.2875 0.015625 0.015625
0 0.9015625 0.27109375 0.0125 0.0140625
0 0.88984375 0.26796875 0.0109375 0.0171875
0 0.89921875 0.2546875 0.0109375 0.0125
0 0.88046875 0.23515625 0.0109375 0.0171875
0 0.89765625 0.2421875 0.0109375 0.01875
0 0.8953125 0.22265625 0.009375 0.0140625
0 0.87734375 0.27890625 0.0109375 0.0140625
0 0.86796875 0.2875 0.0109375 0.0125
0 0.85546875 0.2921875 0.0109375 0.015625
0 0.8484375 0.30390625 0.0125 0.0140625
0 0.83046875 0.30859375 0.0109375 0.0140625
0 0.83203125 0.28359375 0.0078125 0.0109375
0 0.84375 0.28828125 0.009375 0.0109375
0 0.840625 0.26484375 0.009375 0.0109375
0 0.85234375 0.278125 0.0109375 0.0125
0 0.8515625 0.2515625 0.009375 0.015625
0 0.86328125 0.26875 0.0078125 0.0125
0 0.8765625 0.26484375 0.0125 0.0140625
0 0.8640625 0.2546875 0.00625 0.009375
0 0.88984375 0.2515625 0.0109375 0.015625
0 0.875 0.2515625 0.0125 0.009375
0 0.8671875 0.2375 0.009375 0.0125
0 0.85625 0.2359375 0.00625 0.009375
0 0.859375 0.22265625 0.009375 0.0109375
0 0.8671875 0.22265625 0.009375 0.0109375
0 0.87890625 0.215625 0.0109375 0.015625
0 0.89296875 0.20625 0.0109375 0.015625