1 0.6046875 0.18671875 0.13125 0.1546875
2 0.66015625 0.121875 0.0203125 0.025
0 0.04453125 0.80390625 0.0140625 0.0203125
0 0.05078125 0.79140625 0.0171875 0.0203125
0 0.05859375 0.79453125 0.0078125 0.0171875
0 0.03671875 0.83359375 0.0140625 0.0203125
0 0.0453125 0.828125 0.0125 0.01875
0 0.053125 0.82265625 0.0125 0.0203125
0 0.06484375 0.82734375 0.0078125 0.0203125
0 0.07265625 0.8296875 0.0078125 0.021875
0 0.08125 0.83203125 0.009375 0.0234375
0 0.04140625 0.87265625 0.0171875 0.0234375
0 0.04453125 0.8515625 0.0109375 0.01875
0 0.05625 0.84453125 0.0125 0.0171875
0 0.05625 0.86484375 0.0125 0.0265625
0 0.0671875 0.846875 0.0125 0.01875
0 0.0609375 0.8859375 0.015625 0.015625
0 0.06875 0.86640625 0.0125 0.0203125
0 0.05625 0.8984375 0.021875 0.015625
0 0.0453125 0.8859375 0.01875 0.0125
0 0.0734375 0.9375 0.009375 0.01875
0 0.059375 0.92265625 0.01875 0.0171875
0 0.06875 0.96484375 0.01875 0.0203125
0 0.06953125 0.98125 0.0203125 0.015625
0 0.06796875 0.9953125 0.0171875 0.009375
0 0.053125 0.98984375 0.0125 0.0171875
0 0.059375 0.940625 0.015625 0.01875